No.,Time,Source,Destination,Protocol,Length,Info,type
1,0.0,10.0.2.15,192.168.56.1,TCP,54,2837  >  8000 [SYN] Seq=0 Win=512 Len=0,ddos
2,0.000874605,192.168.56.1,10.0.2.15,TCP,60,"8000  >  2837 [SYN, ACK] Seq=0 Ack=1 Win=65535 Len=0 MSS=1460",ddos
3,0.000915332,10.0.2.15,192.168.56.1,TCP,54,2837  >  8000 [RST] Seq=1 Win=0 Len=0,ddos
4,1.000401169,10.0.2.15,192.168.56.1,TCP,54,2838  >  8000 [SYN] Seq=0 Win=512 Len=0,ddos
5,1.001788099,192.168.56.1,10.0.2.15,TCP,60,"8000  >  2838 [SYN, ACK] Seq=0 Ack=1 Win=65535 Len=0 MSS=1460",ddos
6,1.001849364,10.0.2.15,192.168.56.1,TCP,54,2838  >  8000 [RST] Seq=1 Win=0 Len=0,ddos
7,2.001432883,10.0.2.15,192.168.56.1,TCP,54,2839  >  8000 [SYN] Seq=0 Win=512 Len=0,ddos
8,2.002839295,192.168.56.1,10.0.2.15,TCP,60,"8000  >  2839 [SYN, ACK] Seq=0 Ack=1 Win=65535 Len=0 MSS=1460",ddos
9,2.00288872,10.0.2.15,192.168.56.1,TCP,54,2839  >  8000 [RST] Seq=1 Win=0 Len=0,ddos
10,3.002328923,10.0.2.15,192.168.56.1,TCP,54,2840  >  8000 [SYN] Seq=0 Win=512 Len=0,ddos
11,3.003800202,192.168.56.1,10.0.2.15,TCP,60,"8000  >  2840 [SYN, ACK] Seq=0 Ack=1 Win=65535 Len=0 MSS=1460",ddos
12,3.003850941,10.0.2.15,192.168.56.1,TCP,54,2840  >  8000 [RST] Seq=1 Win=0 Len=0,ddos
13,4.003286027,10.0.2.15,192.168.56.1,TCP,54,2841  >  8000 [SYN] Seq=0 Win=512 Len=0,ddos
14,4.004311845,192.168.56.1,10.0.2.15,TCP,60,"8000  >  2841 [SYN, ACK] Seq=0 Ack=1 Win=65535 Len=0 MSS=1460",ddos
15,4.004358848,10.0.2.15,192.168.56.1,TCP,54,2841  >  8000 [RST] Seq=1 Win=0 Len=0,ddos
16,5.003631894,10.0.2.15,192.168.56.1,TCP,54,2842  >  8000 [SYN] Seq=0 Win=512 Len=0,ddos
17,5.004466734,192.168.56.1,10.0.2.15,TCP,60,"8000  >  2842 [SYN, ACK] Seq=0 Ack=1 Win=65535 Len=0 MSS=1460",ddos
18,5.004500096,10.0.2.15,192.168.56.1,TCP,54,2842  >  8000 [RST] Seq=1 Win=0 Len=0,ddos
19,6.003960631,10.0.2.15,192.168.56.1,TCP,54,2843  >  8000 [SYN] Seq=0 Win=512 Len=0,ddos
20,6.004540825,192.168.56.1,10.0.2.15,TCP,60,"8000  >  2843 [SYN, ACK] Seq=0 Ack=1 Win=65535 Len=0 MSS=1460",ddos
21,6.004571788,10.0.2.15,192.168.56.1,TCP,54,2843  >  8000 [RST] Seq=1 Win=0 Len=0,ddos
22,7.004345366,10.0.2.15,192.168.56.1,TCP,54,2844  >  8000 [SYN] Seq=0 Win=512 Len=0,ddos
23,7.006364024,192.168.56.1,10.0.2.15,TCP,60,"8000  >  2844 [SYN, ACK] Seq=0 Ack=1 Win=65535 Len=0 MSS=1460",ddos
24,7.006429597,10.0.2.15,192.168.56.1,TCP,54,2844  >  8000 [RST] Seq=1 Win=0 Len=0,ddos
25,8.004954098,10.0.2.15,192.168.56.1,TCP,54,2845  >  8000 [SYN] Seq=0 Win=512 Len=0,ddos
26,8.006268425,192.168.56.1,10.0.2.15,TCP,60,"8000  >  2845 [SYN, ACK] Seq=0 Ack=1 Win=65535 Len=0 MSS=1460",ddos
27,8.006331266,10.0.2.15,192.168.56.1,TCP,54,2845  >  8000 [RST] Seq=1 Win=0 Len=0,ddos
28,9.005798237,10.0.2.15,192.168.56.1,TCP,54,2846  >  8000 [SYN] Seq=0 Win=512 Len=0,ddos
29,9.007182192,192.168.56.1,10.0.2.15,TCP,60,"8000  >  2846 [SYN, ACK] Seq=0 Ack=1 Win=65535 Len=0 MSS=1460",ddos
30,9.007239036,10.0.2.15,192.168.56.1,TCP,54,2846  >  8000 [RST] Seq=1 Win=0 Len=0,ddos
31,10.00638531,10.0.2.15,192.168.56.1,TCP,54,2847  >  8000 [SYN] Seq=0 Win=512 Len=0,ddos
32,10.007825922,192.168.56.1,10.0.2.15,TCP,60,"8000  >  2847 [SYN, ACK] Seq=0 Ack=1 Win=65535 Len=0 MSS=1460",ddos
33,10.007878408,10.0.2.15,192.168.56.1,TCP,54,2847  >  8000 [RST] Seq=1 Win=0 Len=0,ddos
34,11.006900766,10.0.2.15,192.168.56.1,TCP,54,2848  >  8000 [SYN] Seq=0 Win=512 Len=0,ddos
35,11.010594534,192.168.56.1,10.0.2.15,TCP,60,"8000  >  2848 [SYN, ACK] Seq=0 Ack=1 Win=65535 Len=0 MSS=1460",ddos
36,11.010658909,10.0.2.15,192.168.56.1,TCP,54,2848  >  8000 [RST] Seq=1 Win=0 Len=0,ddos
37,12.007871679,10.0.2.15,192.168.56.1,TCP,54,2849  >  8000 [SYN] Seq=0 Win=512 Len=0,ddos
38,12.009493515,192.168.56.1,10.0.2.15,TCP,60,"8000  >  2849 [SYN, ACK] Seq=0 Ack=1 Win=65535 Len=0 MSS=1460",ddos
39,12.009561849,10.0.2.15,192.168.56.1,TCP,54,2849  >  8000 [RST] Seq=1 Win=0 Len=0,ddos
40,13.008451926,10.0.2.15,192.168.56.1,TCP,54,2850  >  8000 [SYN] Seq=0 Win=512 Len=0,ddos
41,13.009893679,192.168.56.1,10.0.2.15,TCP,60,"8000  >  2850 [SYN, ACK] Seq=0 Ack=1 Win=65535 Len=0 MSS=1460",ddos
42,13.009957383,10.0.2.15,192.168.56.1,TCP,54,2850  >  8000 [RST] Seq=1 Win=0 Len=0,ddos
43,14.008952834,10.0.2.15,192.168.56.1,TCP,54,2851  >  8000 [SYN] Seq=0 Win=512 Len=0,ddos
44,14.010339185,192.168.56.1,10.0.2.15,TCP,60,"8000  >  2851 [SYN, ACK] Seq=0 Ack=1 Win=65535 Len=0 MSS=1460",ddos
45,14.010454748,10.0.2.15,192.168.56.1,TCP,54,2851  >  8000 [RST] Seq=1 Win=0 Len=0,ddos
46,15.009569129,10.0.2.15,192.168.56.1,TCP,54,2852  >  8000 [SYN] Seq=0 Win=512 Len=0,ddos
47,15.011068253,192.168.56.1,10.0.2.15,TCP,60,"8000  >  2852 [SYN, ACK] Seq=0 Ack=1 Win=65535 Len=0 MSS=1460",ddos
48,15.011134178,10.0.2.15,192.168.56.1,TCP,54,2852  >  8000 [RST] Seq=1 Win=0 Len=0,ddos
49,16.010523309,10.0.2.15,192.168.56.1,TCP,54,2853  >  8000 [SYN] Seq=0 Win=512 Len=0,ddos
50,16.012089648,192.168.56.1,10.0.2.15,TCP,60,"8000  >  2853 [SYN, ACK] Seq=0 Ack=1 Win=65535 Len=0 MSS=1460",ddos
51,16.012144035,10.0.2.15,192.168.56.1,TCP,54,2853  >  8000 [RST] Seq=1 Win=0 Len=0,ddos
52,17.010974646,10.0.2.15,192.168.56.1,TCP,54,2854  >  8000 [SYN] Seq=0 Win=512 Len=0,ddos
53,17.01209229,192.168.56.1,10.0.2.15,TCP,60,"8000  >  2854 [SYN, ACK] Seq=0 Ack=1 Win=65535 Len=0 MSS=1460",ddos
54,17.012138948,10.0.2.15,192.168.56.1,TCP,54,2854  >  8000 [RST] Seq=1 Win=0 Len=0,ddos
55,18.011631203,10.0.2.15,192.168.56.1,TCP,54,2855  >  8000 [SYN] Seq=0 Win=512 Len=0,ddos
56,18.012782079,192.168.56.1,10.0.2.15,TCP,60,"8000  >  2855 [SYN, ACK] Seq=0 Ack=1 Win=65535 Len=0 MSS=1460",ddos
57,18.012825032,10.0.2.15,192.168.56.1,TCP,54,2855  >  8000 [RST] Seq=1 Win=0 Len=0,ddos
58,19.01205074,10.0.2.15,192.168.56.1,TCP,54,2856  >  8000 [SYN] Seq=0 Win=512 Len=0,ddos
59,19.013413016,192.168.56.1,10.0.2.15,TCP,60,"8000  >  2856 [SYN, ACK] Seq=0 Ack=1 Win=65535 Len=0 MSS=1460",ddos
60,19.013461169,10.0.2.15,192.168.56.1,TCP,54,2856  >  8000 [RST] Seq=1 Win=0 Len=0,ddos
61,20.013052012,10.0.2.15,192.168.56.1,TCP,54,2857  >  8000 [SYN] Seq=0 Win=512 Len=0,ddos
62,20.014531266,192.168.56.1,10.0.2.15,TCP,60,"8000  >  2857 [SYN, ACK] Seq=0 Ack=1 Win=65535 Len=0 MSS=1460",ddos
63,20.014645447,10.0.2.15,192.168.56.1,TCP,54,2857  >  8000 [RST] Seq=1 Win=0 Len=0,ddos
64,21.013991665,10.0.2.15,192.168.56.1,TCP,54,2858  >  8000 [SYN] Seq=0 Win=512 Len=0,ddos
65,21.015307872,192.168.56.1,10.0.2.15,TCP,60,"8000  >  2858 [SYN, ACK] Seq=0 Ack=1 Win=65535 Len=0 MSS=1460",ddos
66,21.015357372,10.0.2.15,192.168.56.1,TCP,54,2858  >  8000 [RST] Seq=1 Win=0 Len=0,ddos
67,22.014876674,10.0.2.15,192.168.56.1,TCP,54,2859  >  8000 [SYN] Seq=0 Win=512 Len=0,ddos
68,22.015990689,192.168.56.1,10.0.2.15,TCP,60,"8000  >  2859 [SYN, ACK] Seq=0 Ack=1 Win=65535 Len=0 MSS=1460",ddos
69,22.016033899,10.0.2.15,192.168.56.1,TCP,54,2859  >  8000 [RST] Seq=1 Win=0 Len=0,ddos
70,23.016404737,10.0.2.15,192.168.56.1,TCP,54,2860  >  8000 [SYN] Seq=0 Win=512 Len=0,ddos
71,23.017389932,192.168.56.1,10.0.2.15,TCP,60,"8000  >  2860 [SYN, ACK] Seq=0 Ack=1 Win=65535 Len=0 MSS=1460",ddos
72,23.017436424,10.0.2.15,192.168.56.1,TCP,54,2860  >  8000 [RST] Seq=1 Win=0 Len=0,ddos
73,24.016788415,10.0.2.15,192.168.56.1,TCP,54,2861  >  8000 [SYN] Seq=0 Win=512 Len=0,ddos
74,24.018561662,192.168.56.1,10.0.2.15,TCP,60,"8000  >  2861 [SYN, ACK] Seq=0 Ack=1 Win=65535 Len=0 MSS=1460",ddos
75,24.018632604,10.0.2.15,192.168.56.1,TCP,54,2861  >  8000 [RST] Seq=1 Win=0 Len=0,ddos
76,25.017964377,10.0.2.15,192.168.56.1,TCP,54,2862  >  8000 [SYN] Seq=0 Win=512 Len=0,ddos
77,25.019463046,192.168.56.1,10.0.2.15,TCP,60,"8000  >  2862 [SYN, ACK] Seq=0 Ack=1 Win=65535 Len=0 MSS=1460",ddos
78,25.019524624,10.0.2.15,192.168.56.1,TCP,54,2862  >  8000 [RST] Seq=1 Win=0 Len=0,ddos
79,26.018622102,10.0.2.15,192.168.56.1,TCP,54,2863  >  8000 [SYN] Seq=0 Win=512 Len=0,ddos
80,26.019584588,192.168.56.1,10.0.2.15,TCP,60,"8000  >  2863 [SYN, ACK] Seq=0 Ack=1 Win=65535 Len=0 MSS=1460",ddos
81,26.019617981,10.0.2.15,192.168.56.1,TCP,54,2863  >  8000 [RST] Seq=1 Win=0 Len=0,ddos
82,27.019109824,10.0.2.15,192.168.56.1,TCP,54,2864  >  8000 [SYN] Seq=0 Win=512 Len=0,ddos
83,27.02005508,192.168.56.1,10.0.2.15,TCP,60,"8000  >  2864 [SYN, ACK] Seq=0 Ack=1 Win=65535 Len=0 MSS=1460",ddos
84,27.020096329,10.0.2.15,192.168.56.1,TCP,54,2864  >  8000 [RST] Seq=1 Win=0 Len=0,ddos
85,28.019572194,10.0.2.15,192.168.56.1,TCP,54,2865  >  8000 [SYN] Seq=0 Win=512 Len=0,ddos
86,28.020932497,192.168.56.1,10.0.2.15,TCP,60,"8000  >  2865 [SYN, ACK] Seq=0 Ack=1 Win=65535 Len=0 MSS=1460",ddos
87,28.020991396,10.0.2.15,192.168.56.1,TCP,54,2865  >  8000 [RST] Seq=1 Win=0 Len=0,ddos
88,29.020147122,10.0.2.15,192.168.56.1,TCP,54,2866  >  8000 [SYN] Seq=0 Win=512 Len=0,ddos
89,29.020777319,192.168.56.1,10.0.2.15,TCP,60,"8000  >  2866 [SYN, ACK] Seq=0 Ack=1 Win=65535 Len=0 MSS=1460",ddos
90,29.020802319,10.0.2.15,192.168.56.1,TCP,54,2866  >  8000 [RST] Seq=1 Win=0 Len=0,ddos
91,30.020372737,10.0.2.15,192.168.56.1,TCP,54,2867  >  8000 [SYN] Seq=0 Win=512 Len=0,ddos
92,30.021082759,192.168.56.1,10.0.2.15,TCP,60,"8000  >  2867 [SYN, ACK] Seq=0 Ack=1 Win=65535 Len=0 MSS=1460",ddos
93,30.021114552,10.0.2.15,192.168.56.1,TCP,54,2867  >  8000 [RST] Seq=1 Win=0 Len=0,ddos
94,31.02122884,10.0.2.15,192.168.56.1,TCP,54,2868  >  8000 [SYN] Seq=0 Win=512 Len=0,ddos
95,31.022247084,192.168.56.1,10.0.2.15,TCP,60,"8000  >  2868 [SYN, ACK] Seq=0 Ack=1 Win=65535 Len=0 MSS=1460",ddos
96,31.022281715,10.0.2.15,192.168.56.1,TCP,54,2868  >  8000 [RST] Seq=1 Win=0 Len=0,ddos
97,32.021661432,10.0.2.15,192.168.56.1,TCP,54,2869  >  8000 [SYN] Seq=0 Win=512 Len=0,ddos
98,32.022594488,192.168.56.1,10.0.2.15,TCP,60,"8000  >  2869 [SYN, ACK] Seq=0 Ack=1 Win=65535 Len=0 MSS=1460",ddos
99,32.022637656,10.0.2.15,192.168.56.1,TCP,54,2869  >  8000 [RST] Seq=1 Win=0 Len=0,ddos
100,33.022146965,10.0.2.15,192.168.56.1,TCP,54,2870  >  8000 [SYN] Seq=0 Win=512 Len=0,ddos
101,33.024111871,192.168.56.1,10.0.2.15,TCP,60,"8000  >  2870 [SYN, ACK] Seq=0 Ack=1 Win=65535 Len=0 MSS=1460",ddos
102,33.024182368,10.0.2.15,192.168.56.1,TCP,54,2870  >  8000 [RST] Seq=1 Win=0 Len=0,ddos
103,34.022622539,10.0.2.15,192.168.56.1,TCP,54,2871  >  8000 [SYN] Seq=0 Win=512 Len=0,ddos
104,34.023514783,192.168.56.1,10.0.2.15,TCP,60,"8000  >  2871 [SYN, ACK] Seq=0 Ack=1 Win=65535 Len=0 MSS=1460",ddos
105,34.023554789,10.0.2.15,192.168.56.1,TCP,54,2871  >  8000 [RST] Seq=1 Win=0 Len=0,ddos
106,35.02325089,10.0.2.15,192.168.56.1,TCP,54,2872  >  8000 [SYN] Seq=0 Win=512 Len=0,ddos
107,35.024227804,192.168.56.1,10.0.2.15,TCP,60,"8000  >  2872 [SYN, ACK] Seq=0 Ack=1 Win=65535 Len=0 MSS=1460",ddos
108,35.024270073,10.0.2.15,192.168.56.1,TCP,54,2872  >  8000 [RST] Seq=1 Win=0 Len=0,ddos
109,36.023763431,10.0.2.15,192.168.56.1,TCP,54,2873  >  8000 [SYN] Seq=0 Win=512 Len=0,ddos
110,36.025127602,192.168.56.1,10.0.2.15,TCP,60,"8000  >  2873 [SYN, ACK] Seq=0 Ack=1 Win=65535 Len=0 MSS=1460",ddos
111,36.025257798,10.0.2.15,192.168.56.1,TCP,54,2873  >  8000 [RST] Seq=1 Win=0 Len=0,ddos
112,37.024289674,10.0.2.15,192.168.56.1,TCP,54,2874  >  8000 [SYN] Seq=0 Win=512 Len=0,ddos
113,37.0282779,192.168.56.1,10.0.2.15,TCP,60,"8000  >  2874 [SYN, ACK] Seq=0 Ack=1 Win=65535 Len=0 MSS=1460",ddos
114,37.028395205,10.0.2.15,192.168.56.1,TCP,54,2874  >  8000 [RST] Seq=1 Win=0 Len=0,ddos
115,38.025116087,10.0.2.15,192.168.56.1,TCP,54,2875  >  8000 [SYN] Seq=0 Win=512 Len=0,ddos
116,38.026484809,192.168.56.1,10.0.2.15,TCP,60,"8000  >  2875 [SYN, ACK] Seq=0 Ack=1 Win=65535 Len=0 MSS=1460",ddos
117,38.026547651,10.0.2.15,192.168.56.1,TCP,54,2875  >  8000 [RST] Seq=1 Win=0 Len=0,ddos
118,39.025728224,10.0.2.15,192.168.56.1,TCP,54,2876  >  8000 [SYN] Seq=0 Win=512 Len=0,ddos
119,39.027162548,192.168.56.1,10.0.2.15,TCP,60,"8000  >  2876 [SYN, ACK] Seq=0 Ack=1 Win=65535 Len=0 MSS=1460",ddos
120,39.027213316,10.0.2.15,192.168.56.1,TCP,54,2876  >  8000 [RST] Seq=1 Win=0 Len=0,ddos
121,40.026234114,10.0.2.15,192.168.56.1,TCP,54,2877  >  8000 [SYN] Seq=0 Win=512 Len=0,ddos
122,40.027396157,192.168.56.1,10.0.2.15,TCP,60,"8000  >  2877 [SYN, ACK] Seq=0 Ack=1 Win=65535 Len=0 MSS=1460",ddos
123,40.027436494,10.0.2.15,192.168.56.1,TCP,54,2877  >  8000 [RST] Seq=1 Win=0 Len=0,ddos
124,41.026744242,10.0.2.15,192.168.56.1,TCP,54,2878  >  8000 [SYN] Seq=0 Win=512 Len=0,ddos
125,41.027583501,192.168.56.1,10.0.2.15,TCP,60,"8000  >  2878 [SYN, ACK] Seq=0 Ack=1 Win=65535 Len=0 MSS=1460",ddos
126,41.027619044,10.0.2.15,192.168.56.1,TCP,54,2878  >  8000 [RST] Seq=1 Win=0 Len=0,ddos
127,42.027665747,10.0.2.15,192.168.56.1,TCP,54,2879  >  8000 [SYN] Seq=0 Win=512 Len=0,ddos
128,42.029184482,192.168.56.1,10.0.2.15,TCP,60,"8000  >  2879 [SYN, ACK] Seq=0 Ack=1 Win=65535 Len=0 MSS=1460",ddos
129,42.029251435,10.0.2.15,192.168.56.1,TCP,54,2879  >  8000 [RST] Seq=1 Win=0 Len=0,ddos
130,43.028310167,10.0.2.15,192.168.56.1,TCP,54,2880  >  8000 [SYN] Seq=0 Win=512 Len=0,ddos
131,43.02979621,192.168.56.1,10.0.2.15,TCP,60,"8000  >  2880 [SYN, ACK] Seq=0 Ack=1 Win=65535 Len=0 MSS=1460",ddos
132,43.029863928,10.0.2.15,192.168.56.1,TCP,54,2880  >  8000 [RST] Seq=1 Win=0 Len=0,ddos
133,44.029858706,10.0.2.15,192.168.56.1,TCP,54,2881  >  8000 [SYN] Seq=0 Win=512 Len=0,ddos
134,44.03158895,192.168.56.1,10.0.2.15,TCP,60,"8000  >  2881 [SYN, ACK] Seq=0 Ack=1 Win=65535 Len=0 MSS=1460",ddos
135,44.031667617,10.0.2.15,192.168.56.1,TCP,54,2881  >  8000 [RST] Seq=1 Win=0 Len=0,ddos
136,45.030779956,10.0.2.15,192.168.56.1,TCP,54,2882  >  8000 [SYN] Seq=0 Win=512 Len=0,ddos
137,45.032290721,192.168.56.1,10.0.2.15,TCP,60,"8000  >  2882 [SYN, ACK] Seq=0 Ack=1 Win=65535 Len=0 MSS=1460",ddos
138,45.032347349,10.0.2.15,192.168.56.1,TCP,54,2882  >  8000 [RST] Seq=1 Win=0 Len=0,ddos
139,46.031362665,10.0.2.15,192.168.56.1,TCP,54,2883  >  8000 [SYN] Seq=0 Win=512 Len=0,ddos
140,46.03295997,192.168.56.1,10.0.2.15,TCP,60,"8000  >  2883 [SYN, ACK] Seq=0 Ack=1 Win=65535 Len=0 MSS=1460",ddos
141,46.033028896,10.0.2.15,192.168.56.1,TCP,54,2883  >  8000 [RST] Seq=1 Win=0 Len=0,ddos
142,47.031864222,10.0.2.15,192.168.56.1,TCP,54,2884  >  8000 [SYN] Seq=0 Win=512 Len=0,ddos
143,47.032443088,192.168.56.1,10.0.2.15,TCP,60,"8000  >  2884 [SYN, ACK] Seq=0 Ack=1 Win=65535 Len=0 MSS=1460",ddos
144,47.032476435,10.0.2.15,192.168.56.1,TCP,54,2884  >  8000 [RST] Seq=1 Win=0 Len=0,ddos
145,47.055281639,PCSSystemtec_10:57:19,52:54:00:12:35:02,ARP,42,Who has 10.0.2.2? Tell 10.0.2.15,ddos
146,47.055706762,52:54:00:12:35:02,PCSSystemtec_10:57:19,ARP,60,10.0.2.2 is at 52:54:00:12:35:02,ddos
147,48.032085432,10.0.2.15,192.168.56.1,TCP,54,2885  >  8000 [SYN] Seq=0 Win=512 Len=0,ddos
148,48.03276712,192.168.56.1,10.0.2.15,TCP,60,"8000  >  2885 [SYN, ACK] Seq=0 Ack=1 Win=65535 Len=0 MSS=1460",ddos
149,48.032800182,10.0.2.15,192.168.56.1,TCP,54,2885  >  8000 [RST] Seq=1 Win=0 Len=0,ddos
150,49.032309087,10.0.2.15,192.168.56.1,TCP,54,2886  >  8000 [SYN] Seq=0 Win=512 Len=0,ddos
151,49.03292757,192.168.56.1,10.0.2.15,TCP,60,"8000  >  2886 [SYN, ACK] Seq=0 Ack=1 Win=65535 Len=0 MSS=1460",ddos
152,49.032969972,10.0.2.15,192.168.56.1,TCP,54,2886  >  8000 [RST] Seq=1 Win=0 Len=0,ddos
153,50.032992064,10.0.2.15,192.168.56.1,TCP,54,2887  >  8000 [SYN] Seq=0 Win=512 Len=0,ddos
154,50.034649759,192.168.56.1,10.0.2.15,TCP,60,"8000  >  2887 [SYN, ACK] Seq=0 Ack=1 Win=65535 Len=0 MSS=1460",ddos
155,50.034722731,10.0.2.15,192.168.56.1,TCP,54,2887  >  8000 [RST] Seq=1 Win=0 Len=0,ddos
156,51.033819325,10.0.2.15,192.168.56.1,TCP,54,2888  >  8000 [SYN] Seq=0 Win=512 Len=0,ddos
157,51.035247681,192.168.56.1,10.0.2.15,TCP,60,"8000  >  2888 [SYN, ACK] Seq=0 Ack=1 Win=65535 Len=0 MSS=1460",ddos
158,51.03530815,10.0.2.15,192.168.56.1,TCP,54,2888  >  8000 [RST] Seq=1 Win=0 Len=0,ddos
159,52.03509314,10.0.2.15,192.168.56.1,TCP,54,2889  >  8000 [SYN] Seq=0 Win=512 Len=0,ddos
160,52.036310313,192.168.56.1,10.0.2.15,TCP,60,"8000  >  2889 [SYN, ACK] Seq=0 Ack=1 Win=65535 Len=0 MSS=1460",ddos
161,52.036358281,10.0.2.15,192.168.56.1,TCP,54,2889  >  8000 [RST] Seq=1 Win=0 Len=0,ddos
162,53.036008811,10.0.2.15,192.168.56.1,TCP,54,2890  >  8000 [SYN] Seq=0 Win=512 Len=0,ddos
163,53.036874208,192.168.56.1,10.0.2.15,TCP,60,"8000  >  2890 [SYN, ACK] Seq=0 Ack=1 Win=65535 Len=0 MSS=1460",ddos
164,53.036908033,10.0.2.15,192.168.56.1,TCP,54,2890  >  8000 [RST] Seq=1 Win=0 Len=0,ddos
165,54.036280739,10.0.2.15,192.168.56.1,TCP,54,2891  >  8000 [SYN] Seq=0 Win=512 Len=0,ddos
166,54.037038591,192.168.56.1,10.0.2.15,TCP,60,"8000  >  2891 [SYN, ACK] Seq=0 Ack=1 Win=65535 Len=0 MSS=1460",ddos
167,54.037066439,10.0.2.15,192.168.56.1,TCP,54,2891  >  8000 [RST] Seq=1 Win=0 Len=0,ddos
168,55.036859863,10.0.2.15,192.168.56.1,TCP,54,2892  >  8000 [SYN] Seq=0 Win=512 Len=0,ddos
169,55.037485951,192.168.56.1,10.0.2.15,TCP,60,"8000  >  2892 [SYN, ACK] Seq=0 Ack=1 Win=65535 Len=0 MSS=1460",ddos
170,55.037517205,10.0.2.15,192.168.56.1,TCP,54,2892  >  8000 [RST] Seq=1 Win=0 Len=0,ddos
171,56.03713602,10.0.2.15,192.168.56.1,TCP,54,2893  >  8000 [SYN] Seq=0 Win=512 Len=0,ddos
172,56.038247507,192.168.56.1,10.0.2.15,TCP,60,"8000  >  2893 [SYN, ACK] Seq=0 Ack=1 Win=65535 Len=0 MSS=1460",ddos
173,56.038295763,10.0.2.15,192.168.56.1,TCP,54,2893  >  8000 [RST] Seq=1 Win=0 Len=0,ddos
174,57.038255678,10.0.2.15,192.168.56.1,TCP,54,2894  >  8000 [SYN] Seq=0 Win=512 Len=0,ddos
175,57.039486808,192.168.56.1,10.0.2.15,TCP,60,"8000  >  2894 [SYN, ACK] Seq=0 Ack=1 Win=65535 Len=0 MSS=1460",ddos
176,57.039537398,10.0.2.15,192.168.56.1,TCP,54,2894  >  8000 [RST] Seq=1 Win=0 Len=0,ddos
177,58.040661642,10.0.2.15,192.168.56.1,TCP,54,2895  >  8000 [SYN] Seq=0 Win=512 Len=0,ddos
178,58.042104889,192.168.56.1,10.0.2.15,TCP,60,"8000  >  2895 [SYN, ACK] Seq=0 Ack=1 Win=65535 Len=0 MSS=1460",ddos
179,58.042177699,10.0.2.15,192.168.56.1,TCP,54,2895  >  8000 [RST] Seq=1 Win=0 Len=0,ddos
180,59.041947601,10.0.2.15,192.168.56.1,TCP,54,2896  >  8000 [SYN] Seq=0 Win=512 Len=0,ddos
181,59.043513973,192.168.56.1,10.0.2.15,TCP,60,"8000  >  2896 [SYN, ACK] Seq=0 Ack=1 Win=65535 Len=0 MSS=1460",ddos
182,59.043567184,10.0.2.15,192.168.56.1,TCP,54,2896  >  8000 [RST] Seq=1 Win=0 Len=0,ddos
183,60.043777929,10.0.2.15,192.168.56.1,TCP,54,2897  >  8000 [SYN] Seq=0 Win=512 Len=0,ddos
184,60.045295129,192.168.56.1,10.0.2.15,TCP,60,"8000  >  2897 [SYN, ACK] Seq=0 Ack=1 Win=65535 Len=0 MSS=1460",ddos
185,60.04536073,10.0.2.15,192.168.56.1,TCP,54,2897  >  8000 [RST] Seq=1 Win=0 Len=0,ddos
186,61.044407229,10.0.2.15,192.168.56.1,TCP,54,2898  >  8000 [SYN] Seq=0 Win=512 Len=0,ddos
187,61.045763301,192.168.56.1,10.0.2.15,TCP,60,"8000  >  2898 [SYN, ACK] Seq=0 Ack=1 Win=65535 Len=0 MSS=1460",ddos
188,61.045822653,10.0.2.15,192.168.56.1,TCP,54,2898  >  8000 [RST] Seq=1 Win=0 Len=0,ddos
189,62.045002794,10.0.2.15,192.168.56.1,TCP,54,2899  >  8000 [SYN] Seq=0 Win=512 Len=0,ddos
190,62.045817524,192.168.56.1,10.0.2.15,TCP,60,"8000  >  2899 [SYN, ACK] Seq=0 Ack=1 Win=65535 Len=0 MSS=1460",ddos
191,62.045856431,10.0.2.15,192.168.56.1,TCP,54,2899  >  8000 [RST] Seq=1 Win=0 Len=0,ddos
192,63.046134426,10.0.2.15,192.168.56.1,TCP,54,2900  >  8000 [SYN] Seq=0 Win=512 Len=0,ddos
193,63.047559455,192.168.56.1,10.0.2.15,TCP,60,"8000  >  2900 [SYN, ACK] Seq=0 Ack=1 Win=65535 Len=0 MSS=1460",ddos
194,63.047619198,10.0.2.15,192.168.56.1,TCP,54,2900  >  8000 [RST] Seq=1 Win=0 Len=0,ddos
195,64.047114071,10.0.2.15,192.168.56.1,TCP,54,2901  >  8000 [SYN] Seq=0 Win=512 Len=0,ddos
196,64.048649837,192.168.56.1,10.0.2.15,TCP,60,"8000  >  2901 [SYN, ACK] Seq=0 Ack=1 Win=65535 Len=0 MSS=1460",ddos
197,64.048713804,10.0.2.15,192.168.56.1,TCP,54,2901  >  8000 [RST] Seq=1 Win=0 Len=0,ddos
198,65.047836102,10.0.2.15,192.168.56.1,TCP,54,2902  >  8000 [SYN] Seq=0 Win=512 Len=0,ddos
199,65.04934055,192.168.56.1,10.0.2.15,TCP,60,"8000  >  2902 [SYN, ACK] Seq=0 Ack=1 Win=65535 Len=0 MSS=1460",ddos
200,65.049406103,10.0.2.15,192.168.56.1,TCP,54,2902  >  8000 [RST] Seq=1 Win=0 Len=0,ddos
201,66.048295426,10.0.2.15,192.168.56.1,TCP,54,2903  >  8000 [SYN] Seq=0 Win=512 Len=0,ddos
202,66.049053003,192.168.56.1,10.0.2.15,TCP,60,"8000  >  2903 [SYN, ACK] Seq=0 Ack=1 Win=65535 Len=0 MSS=1460",ddos
203,66.049085413,10.0.2.15,192.168.56.1,TCP,54,2903  >  8000 [RST] Seq=1 Win=0 Len=0,ddos
204,67.049251373,10.0.2.15,192.168.56.1,TCP,54,2904  >  8000 [SYN] Seq=0 Win=512 Len=0,ddos
205,67.050935203,192.168.56.1,10.0.2.15,TCP,60,"8000  >  2904 [SYN, ACK] Seq=0 Ack=1 Win=65535 Len=0 MSS=1460",ddos
206,67.050995382,10.0.2.15,192.168.56.1,TCP,54,2904  >  8000 [RST] Seq=1 Win=0 Len=0,ddos
207,68.049944897,10.0.2.15,192.168.56.1,TCP,54,2905  >  8000 [SYN] Seq=0 Win=512 Len=0,ddos
208,68.05134269,192.168.56.1,10.0.2.15,TCP,60,"8000  >  2905 [SYN, ACK] Seq=0 Ack=1 Win=65535 Len=0 MSS=1460",ddos
209,68.051404823,10.0.2.15,192.168.56.1,TCP,54,2905  >  8000 [RST] Seq=1 Win=0 Len=0,ddos
210,69.050562266,10.0.2.15,192.168.56.1,TCP,54,2906  >  8000 [SYN] Seq=0 Win=512 Len=0,ddos
211,69.051700657,192.168.56.1,10.0.2.15,TCP,60,"8000  >  2906 [SYN, ACK] Seq=0 Ack=1 Win=65535 Len=0 MSS=1460",ddos
212,69.051749567,10.0.2.15,192.168.56.1,TCP,54,2906  >  8000 [RST] Seq=1 Win=0 Len=0,ddos
213,70.051260352,10.0.2.15,192.168.56.1,TCP,54,2907  >  8000 [SYN] Seq=0 Win=512 Len=0,ddos
214,70.052743527,192.168.56.1,10.0.2.15,TCP,60,"8000  >  2907 [SYN, ACK] Seq=0 Ack=1 Win=65535 Len=0 MSS=1460",ddos
215,70.052882268,10.0.2.15,192.168.56.1,TCP,54,2907  >  8000 [RST] Seq=1 Win=0 Len=0,ddos
216,71.051814352,10.0.2.15,192.168.56.1,TCP,54,2908  >  8000 [SYN] Seq=0 Win=512 Len=0,ddos
217,71.053326685,192.168.56.1,10.0.2.15,TCP,60,"8000  >  2908 [SYN, ACK] Seq=0 Ack=1 Win=65535 Len=0 MSS=1460",ddos
218,71.053392385,10.0.2.15,192.168.56.1,TCP,54,2908  >  8000 [RST] Seq=1 Win=0 Len=0,ddos
219,72.052425666,10.0.2.15,192.168.56.1,TCP,54,2909  >  8000 [SYN] Seq=0 Win=512 Len=0,ddos
220,72.054125983,192.168.56.1,10.0.2.15,TCP,60,"8000  >  2909 [SYN, ACK] Seq=0 Ack=1 Win=65535 Len=0 MSS=1460",ddos
221,72.054196075,10.0.2.15,192.168.56.1,TCP,54,2909  >  8000 [RST] Seq=1 Win=0 Len=0,ddos
222,73.053603756,10.0.2.15,192.168.56.1,TCP,54,2910  >  8000 [SYN] Seq=0 Win=512 Len=0,ddos
223,73.055209784,192.168.56.1,10.0.2.15,TCP,60,"8000  >  2910 [SYN, ACK] Seq=0 Ack=1 Win=65535 Len=0 MSS=1460",ddos
224,73.055273205,10.0.2.15,192.168.56.1,TCP,54,2910  >  8000 [RST] Seq=1 Win=0 Len=0,ddos
225,74.054564098,10.0.2.15,192.168.56.1,TCP,54,2911  >  8000 [SYN] Seq=0 Win=512 Len=0,ddos
226,74.056032573,192.168.56.1,10.0.2.15,TCP,60,"8000  >  2911 [SYN, ACK] Seq=0 Ack=1 Win=65535 Len=0 MSS=1460",ddos
227,74.056084174,10.0.2.15,192.168.56.1,TCP,54,2911  >  8000 [RST] Seq=1 Win=0 Len=0,ddos
228,75.055545765,10.0.2.15,192.168.56.1,TCP,54,2912  >  8000 [SYN] Seq=0 Win=512 Len=0,ddos
229,75.05688947,192.168.56.1,10.0.2.15,TCP,60,"8000  >  2912 [SYN, ACK] Seq=0 Ack=1 Win=65535 Len=0 MSS=1460",ddos
230,75.056938992,10.0.2.15,192.168.56.1,TCP,54,2912  >  8000 [RST] Seq=1 Win=0 Len=0,ddos
231,76.056072015,10.0.2.15,192.168.56.1,TCP,54,2913  >  8000 [SYN] Seq=0 Win=512 Len=0,ddos
232,76.057020108,192.168.56.1,10.0.2.15,TCP,60,"8000  >  2913 [SYN, ACK] Seq=0 Ack=1 Win=65535 Len=0 MSS=1460",ddos
233,76.057063812,10.0.2.15,192.168.56.1,TCP,54,2913  >  8000 [RST] Seq=1 Win=0 Len=0,ddos
234,77.056841206,10.0.2.15,192.168.56.1,TCP,54,2914  >  8000 [SYN] Seq=0 Win=512 Len=0,ddos
235,77.058195373,192.168.56.1,10.0.2.15,TCP,60,"8000  >  2914 [SYN, ACK] Seq=0 Ack=1 Win=65535 Len=0 MSS=1460",ddos
236,77.058241542,10.0.2.15,192.168.56.1,TCP,54,2914  >  8000 [RST] Seq=1 Win=0 Len=0,ddos
237,78.057353996,10.0.2.15,192.168.56.1,TCP,54,2915  >  8000 [SYN] Seq=0 Win=512 Len=0,ddos
238,78.058412476,192.168.56.1,10.0.2.15,TCP,60,"8000  >  2915 [SYN, ACK] Seq=0 Ack=1 Win=65535 Len=0 MSS=1460",ddos
239,78.058453911,10.0.2.15,192.168.56.1,TCP,54,2915  >  8000 [RST] Seq=1 Win=0 Len=0,ddos
240,79.057845878,10.0.2.15,192.168.56.1,TCP,54,2916  >  8000 [SYN] Seq=0 Win=512 Len=0,ddos
241,79.058706874,192.168.56.1,10.0.2.15,TCP,60,"8000  >  2916 [SYN, ACK] Seq=0 Ack=1 Win=65535 Len=0 MSS=1460",ddos
242,79.058798603,10.0.2.15,192.168.56.1,TCP,54,2916  >  8000 [RST] Seq=1 Win=0 Len=0,ddos
243,80.058280288,10.0.2.15,192.168.56.1,TCP,54,2917  >  8000 [SYN] Seq=0 Win=512 Len=0,ddos
244,80.059685472,192.168.56.1,10.0.2.15,TCP,60,"8000  >  2917 [SYN, ACK] Seq=0 Ack=1 Win=65535 Len=0 MSS=1460",ddos
245,80.059750716,10.0.2.15,192.168.56.1,TCP,54,2917  >  8000 [RST] Seq=1 Win=0 Len=0,ddos
246,80.563545753,34.107.243.93,10.0.2.15,TLSv1.2,78,Application Data,ddos
247,80.563768542,10.0.2.15,34.107.243.93,TLSv1.2,82,Application Data,ddos
248,80.564062718,34.107.243.93,10.0.2.15,TCP,60,443  >  49360 [ACK] Seq=25 Ack=29 Win=65535 Len=0,ddos
249,81.058756453,10.0.2.15,192.168.56.1,TCP,54,2918  >  8000 [SYN] Seq=0 Win=512 Len=0,ddos
250,81.059560781,192.168.56.1,10.0.2.15,TCP,60,"8000  >  2918 [SYN, ACK] Seq=0 Ack=1 Win=65535 Len=0 MSS=1460",ddos
251,81.059591385,10.0.2.15,192.168.56.1,TCP,54,2918  >  8000 [RST] Seq=1 Win=0 Len=0,ddos
252,82.059386218,10.0.2.15,192.168.56.1,TCP,54,2919  >  8000 [SYN] Seq=0 Win=512 Len=0,ddos
253,82.060790658,192.168.56.1,10.0.2.15,TCP,60,"8000  >  2919 [SYN, ACK] Seq=0 Ack=1 Win=65535 Len=0 MSS=1460",ddos
254,82.060849053,10.0.2.15,192.168.56.1,TCP,54,2919  >  8000 [RST] Seq=1 Win=0 Len=0,ddos
255,83.059901644,10.0.2.15,192.168.56.1,TCP,54,2920  >  8000 [SYN] Seq=0 Win=512 Len=0,ddos
256,83.061596662,192.168.56.1,10.0.2.15,TCP,60,"8000  >  2920 [SYN, ACK] Seq=0 Ack=1 Win=65535 Len=0 MSS=1460",ddos
257,83.061665509,10.0.2.15,192.168.56.1,TCP,54,2920  >  8000 [RST] Seq=1 Win=0 Len=0,ddos
258,84.060431394,10.0.2.15,192.168.56.1,TCP,54,2921  >  8000 [SYN] Seq=0 Win=512 Len=0,ddos
259,84.061254123,192.168.56.1,10.0.2.15,TCP,60,"8000  >  2921 [SYN, ACK] Seq=0 Ack=1 Win=65535 Len=0 MSS=1460",ddos
260,84.061289221,10.0.2.15,192.168.56.1,TCP,54,2921  >  8000 [RST] Seq=1 Win=0 Len=0,ddos
261,85.061062667,10.0.2.15,192.168.56.1,TCP,54,2922  >  8000 [SYN] Seq=0 Win=512 Len=0,ddos
262,85.062605937,192.168.56.1,10.0.2.15,TCP,60,"8000  >  2922 [SYN, ACK] Seq=0 Ack=1 Win=65535 Len=0 MSS=1460",ddos
263,85.062670674,10.0.2.15,192.168.56.1,TCP,54,2922  >  8000 [RST] Seq=1 Win=0 Len=0,ddos
264,86.061906158,10.0.2.15,192.168.56.1,TCP,54,2923  >  8000 [SYN] Seq=0 Win=512 Len=0,ddos
265,86.062591588,192.168.56.1,10.0.2.15,TCP,60,"8000  >  2923 [SYN, ACK] Seq=0 Ack=1 Win=65535 Len=0 MSS=1460",ddos
266,86.062640833,10.0.2.15,192.168.56.1,TCP,54,2923  >  8000 [RST] Seq=1 Win=0 Len=0,ddos
267,87.062162533,10.0.2.15,192.168.56.1,TCP,54,2924  >  8000 [SYN] Seq=0 Win=512 Len=0,ddos
268,87.062854883,192.168.56.1,10.0.2.15,TCP,60,"8000  >  2924 [SYN, ACK] Seq=0 Ack=1 Win=65535 Len=0 MSS=1460",ddos
269,87.062881769,10.0.2.15,192.168.56.1,TCP,54,2924  >  8000 [RST] Seq=1 Win=0 Len=0,ddos
270,88.06260878,10.0.2.15,192.168.56.1,TCP,54,2925  >  8000 [SYN] Seq=0 Win=512 Len=0,ddos
271,88.064060224,192.168.56.1,10.0.2.15,TCP,60,"8000  >  2925 [SYN, ACK] Seq=0 Ack=1 Win=65535 Len=0 MSS=1460",ddos
272,88.064122081,10.0.2.15,192.168.56.1,TCP,54,2925  >  8000 [RST] Seq=1 Win=0 Len=0,ddos
273,89.063353206,10.0.2.15,192.168.56.1,TCP,54,2926  >  8000 [SYN] Seq=0 Win=512 Len=0,ddos
274,89.064649302,192.168.56.1,10.0.2.15,TCP,60,"8000  >  2926 [SYN, ACK] Seq=0 Ack=1 Win=65535 Len=0 MSS=1460",ddos
275,89.06470659,10.0.2.15,192.168.56.1,TCP,54,2926  >  8000 [RST] Seq=1 Win=0 Len=0,ddos
276,90.064186502,10.0.2.15,192.168.56.1,TCP,54,2927  >  8000 [SYN] Seq=0 Win=512 Len=0,ddos
277,90.06552428,192.168.56.1,10.0.2.15,TCP,60,"8000  >  2927 [SYN, ACK] Seq=0 Ack=1 Win=65535 Len=0 MSS=1460",ddos
278,90.065578129,10.0.2.15,192.168.56.1,TCP,54,2927  >  8000 [RST] Seq=1 Win=0 Len=0,ddos
279,91.067567548,10.0.2.15,192.168.56.1,TCP,54,2928  >  8000 [SYN] Seq=0 Win=512 Len=0,ddos
280,91.068141472,192.168.56.1,10.0.2.15,TCP,60,"8000  >  2928 [SYN, ACK] Seq=0 Ack=1 Win=65535 Len=0 MSS=1460",ddos
281,91.068167321,10.0.2.15,192.168.56.1,TCP,54,2928  >  8000 [RST] Seq=1 Win=0 Len=0,ddos
282,92.067875558,10.0.2.15,192.168.56.1,TCP,54,2929  >  8000 [SYN] Seq=0 Win=512 Len=0,ddos
283,92.069207584,192.168.56.1,10.0.2.15,TCP,60,"8000  >  2929 [SYN, ACK] Seq=0 Ack=1 Win=65535 Len=0 MSS=1460",ddos
284,92.069259927,10.0.2.15,192.168.56.1,TCP,54,2929  >  8000 [RST] Seq=1 Win=0 Len=0,ddos
285,93.068639182,10.0.2.15,192.168.56.1,TCP,54,2930  >  8000 [SYN] Seq=0 Win=512 Len=0,ddos
286,93.070105161,192.168.56.1,10.0.2.15,TCP,60,"8000  >  2930 [SYN, ACK] Seq=0 Ack=1 Win=65535 Len=0 MSS=1460",ddos
287,93.070171372,10.0.2.15,192.168.56.1,TCP,54,2930  >  8000 [RST] Seq=1 Win=0 Len=0,ddos
288,94.069314185,10.0.2.15,192.168.56.1,TCP,54,2931  >  8000 [SYN] Seq=0 Win=512 Len=0,ddos
289,94.071296321,192.168.56.1,10.0.2.15,TCP,60,"8000  >  2931 [SYN, ACK] Seq=0 Ack=1 Win=65535 Len=0 MSS=1460",ddos
290,94.071371354,10.0.2.15,192.168.56.1,TCP,54,2931  >  8000 [RST] Seq=1 Win=0 Len=0,ddos
291,95.070125231,10.0.2.15,192.168.56.1,TCP,54,2932  >  8000 [SYN] Seq=0 Win=512 Len=0,ddos
292,95.070848446,192.168.56.1,10.0.2.15,TCP,60,"8000  >  2932 [SYN, ACK] Seq=0 Ack=1 Win=65535 Len=0 MSS=1460",ddos
293,95.070883051,10.0.2.15,192.168.56.1,TCP,54,2932  >  8000 [RST] Seq=1 Win=0 Len=0,ddos
294,96.070970199,10.0.2.15,192.168.56.1,TCP,54,2933  >  8000 [SYN] Seq=0 Win=512 Len=0,ddos
295,96.072318473,192.168.56.1,10.0.2.15,TCP,60,"8000  >  2933 [SYN, ACK] Seq=0 Ack=1 Win=65535 Len=0 MSS=1460",ddos
296,96.07237874,10.0.2.15,192.168.56.1,TCP,54,2933  >  8000 [RST] Seq=1 Win=0 Len=0,ddos
297,97.074754052,10.0.2.15,192.168.56.1,TCP,54,2934  >  8000 [SYN] Seq=0 Win=512 Len=0,ddos
298,97.076498585,192.168.56.1,10.0.2.15,TCP,60,"8000  >  2934 [SYN, ACK] Seq=0 Ack=1 Win=65535 Len=0 MSS=1460",ddos
299,97.07656015,10.0.2.15,192.168.56.1,TCP,54,2934  >  8000 [RST] Seq=1 Win=0 Len=0,ddos
300,98.076006109,10.0.2.15,192.168.56.1,TCP,54,2935  >  8000 [SYN] Seq=0 Win=512 Len=0,ddos
301,98.077908273,192.168.56.1,10.0.2.15,TCP,60,"8000  >  2935 [SYN, ACK] Seq=0 Ack=1 Win=65535 Len=0 MSS=1460",ddos
302,98.077988078,10.0.2.15,192.168.56.1,TCP,54,2935  >  8000 [RST] Seq=1 Win=0 Len=0,ddos
303,99.083755682,10.0.2.15,192.168.56.1,TCP,54,2936  >  8000 [SYN] Seq=0 Win=512 Len=0,ddos
304,99.085087235,192.168.56.1,10.0.2.15,TCP,60,"8000  >  2936 [SYN, ACK] Seq=0 Ack=1 Win=65535 Len=0 MSS=1460",ddos
305,99.085141164,10.0.2.15,192.168.56.1,TCP,54,2936  >  8000 [RST] Seq=1 Win=0 Len=0,ddos
306,100.084290332,10.0.2.15,192.168.56.1,TCP,54,2937  >  8000 [SYN] Seq=0 Win=512 Len=0,ddos
307,100.0858476,192.168.56.1,10.0.2.15,TCP,60,"8000  >  2937 [SYN, ACK] Seq=0 Ack=1 Win=65535 Len=0 MSS=1460",ddos
308,100.085913676,10.0.2.15,192.168.56.1,TCP,54,2937  >  8000 [RST] Seq=1 Win=0 Len=0,ddos
309,101.085539866,10.0.2.15,192.168.56.1,TCP,54,2938  >  8000 [SYN] Seq=0 Win=512 Len=0,ddos
310,101.086932571,192.168.56.1,10.0.2.15,TCP,60,"8000  >  2938 [SYN, ACK] Seq=0 Ack=1 Win=65535 Len=0 MSS=1460",ddos
311,101.086988667,10.0.2.15,192.168.56.1,TCP,54,2938  >  8000 [RST] Seq=1 Win=0 Len=0,ddos
312,102.086118538,10.0.2.15,192.168.56.1,TCP,54,2939  >  8000 [SYN] Seq=0 Win=512 Len=0,ddos
313,102.087726278,192.168.56.1,10.0.2.15,TCP,60,"8000  >  2939 [SYN, ACK] Seq=0 Ack=1 Win=65535 Len=0 MSS=1460",ddos
314,102.087787968,10.0.2.15,192.168.56.1,TCP,54,2939  >  8000 [RST] Seq=1 Win=0 Len=0,ddos
315,103.086579268,10.0.2.15,192.168.56.1,TCP,54,2940  >  8000 [SYN] Seq=0 Win=512 Len=0,ddos
316,103.087614247,192.168.56.1,10.0.2.15,TCP,60,"8000  >  2940 [SYN, ACK] Seq=0 Ack=1 Win=65535 Len=0 MSS=1460",ddos
317,103.087650209,10.0.2.15,192.168.56.1,TCP,54,2940  >  8000 [RST] Seq=1 Win=0 Len=0,ddos
318,104.087431819,10.0.2.15,192.168.56.1,TCP,54,2941  >  8000 [SYN] Seq=0 Win=512 Len=0,ddos
319,104.08821665,192.168.56.1,10.0.2.15,TCP,60,"8000  >  2941 [SYN, ACK] Seq=0 Ack=1 Win=65535 Len=0 MSS=1460",ddos
320,104.088309359,10.0.2.15,192.168.56.1,TCP,54,2941  >  8000 [RST] Seq=1 Win=0 Len=0,ddos
321,105.087822072,10.0.2.15,192.168.56.1,TCP,54,2942  >  8000 [SYN] Seq=0 Win=512 Len=0,ddos
322,105.088685606,192.168.56.1,10.0.2.15,TCP,60,"8000  >  2942 [SYN, ACK] Seq=0 Ack=1 Win=65535 Len=0 MSS=1460",ddos
323,105.088728115,10.0.2.15,192.168.56.1,TCP,54,2942  >  8000 [RST] Seq=1 Win=0 Len=0,ddos
324,106.088344645,10.0.2.15,192.168.56.1,TCP,54,2943  >  8000 [SYN] Seq=0 Win=512 Len=0,ddos
325,106.091930218,192.168.56.1,10.0.2.15,TCP,60,"8000  >  2943 [SYN, ACK] Seq=0 Ack=1 Win=65535 Len=0 MSS=1460",ddos
326,106.092004799,10.0.2.15,192.168.56.1,TCP,54,2943  >  8000 [RST] Seq=1 Win=0 Len=0,ddos
327,107.089334118,10.0.2.15,192.168.56.1,TCP,54,2944  >  8000 [SYN] Seq=0 Win=512 Len=0,ddos
328,107.09145647,192.168.56.1,10.0.2.15,TCP,60,"8000  >  2944 [SYN, ACK] Seq=0 Ack=1 Win=65535 Len=0 MSS=1460",ddos
329,107.091536162,10.0.2.15,192.168.56.1,TCP,54,2944  >  8000 [RST] Seq=1 Win=0 Len=0,ddos
330,108.090896708,10.0.2.15,192.168.56.1,TCP,54,2945  >  8000 [SYN] Seq=0 Win=512 Len=0,ddos
331,108.091843061,192.168.56.1,10.0.2.15,TCP,60,"8000  >  2945 [SYN, ACK] Seq=0 Ack=1 Win=65535 Len=0 MSS=1460",ddos
332,108.091886413,10.0.2.15,192.168.56.1,TCP,54,2945  >  8000 [RST] Seq=1 Win=0 Len=0,ddos
333,109.092160373,10.0.2.15,192.168.56.1,TCP,54,2946  >  8000 [SYN] Seq=0 Win=512 Len=0,ddos
334,109.0930641,192.168.56.1,10.0.2.15,TCP,60,"8000  >  2946 [SYN, ACK] Seq=0 Ack=1 Win=65535 Len=0 MSS=1460",ddos
335,109.093103808,10.0.2.15,192.168.56.1,TCP,54,2946  >  8000 [RST] Seq=1 Win=0 Len=0,ddos
336,110.093503805,10.0.2.15,192.168.56.1,TCP,54,2947  >  8000 [SYN] Seq=0 Win=512 Len=0,ddos
337,110.094890514,192.168.56.1,10.0.2.15,TCP,60,"8000  >  2947 [SYN, ACK] Seq=0 Ack=1 Win=65535 Len=0 MSS=1460",ddos
338,110.094955646,10.0.2.15,192.168.56.1,TCP,54,2947  >  8000 [RST] Seq=1 Win=0 Len=0,ddos
339,111.094230178,10.0.2.15,192.168.56.1,TCP,54,2948  >  8000 [SYN] Seq=0 Win=512 Len=0,ddos
340,111.095380538,192.168.56.1,10.0.2.15,TCP,60,"8000  >  2948 [SYN, ACK] Seq=0 Ack=1 Win=65535 Len=0 MSS=1460",ddos
341,111.095426865,10.0.2.15,192.168.56.1,TCP,54,2948  >  8000 [RST] Seq=1 Win=0 Len=0,ddos
342,112.095003757,10.0.2.15,192.168.56.1,TCP,54,2949  >  8000 [SYN] Seq=0 Win=512 Len=0,ddos
343,112.096703678,192.168.56.1,10.0.2.15,TCP,60,"8000  >  2949 [SYN, ACK] Seq=0 Ack=1 Win=65535 Len=0 MSS=1460",ddos
344,112.096775894,10.0.2.15,192.168.56.1,TCP,54,2949  >  8000 [RST] Seq=1 Win=0 Len=0,ddos
345,113.096115941,10.0.2.15,192.168.56.1,TCP,54,2950  >  8000 [SYN] Seq=0 Win=512 Len=0,ddos
346,113.097598474,192.168.56.1,10.0.2.15,TCP,60,"8000  >  2950 [SYN, ACK] Seq=0 Ack=1 Win=65535 Len=0 MSS=1460",ddos
347,113.09766187,10.0.2.15,192.168.56.1,TCP,54,2950  >  8000 [RST] Seq=1 Win=0 Len=0,ddos
348,114.097473755,10.0.2.15,192.168.56.1,TCP,54,2951  >  8000 [SYN] Seq=0 Win=512 Len=0,ddos
349,114.098892972,192.168.56.1,10.0.2.15,TCP,60,"8000  >  2951 [SYN, ACK] Seq=0 Ack=1 Win=65535 Len=0 MSS=1460",ddos
350,114.099008006,10.0.2.15,192.168.56.1,TCP,54,2951  >  8000 [RST] Seq=1 Win=0 Len=0,ddos
351,115.098346062,10.0.2.15,192.168.56.1,TCP,54,2952  >  8000 [SYN] Seq=0 Win=512 Len=0,ddos
352,115.099379025,192.168.56.1,10.0.2.15,TCP,60,"8000  >  2952 [SYN, ACK] Seq=0 Ack=1 Win=65535 Len=0 MSS=1460",ddos
353,115.099414797,10.0.2.15,192.168.56.1,TCP,54,2952  >  8000 [RST] Seq=1 Win=0 Len=0,ddos
354,116.09896332,10.0.2.15,192.168.56.1,TCP,54,2953  >  8000 [SYN] Seq=0 Win=512 Len=0,ddos
355,116.100566092,192.168.56.1,10.0.2.15,TCP,60,"8000  >  2953 [SYN, ACK] Seq=0 Ack=1 Win=65535 Len=0 MSS=1460",ddos
356,116.100630073,10.0.2.15,192.168.56.1,TCP,54,2953  >  8000 [RST] Seq=1 Win=0 Len=0,ddos
357,117.099909036,10.0.2.15,192.168.56.1,TCP,54,2954  >  8000 [SYN] Seq=0 Win=512 Len=0,ddos
358,117.101295087,192.168.56.1,10.0.2.15,TCP,60,"8000  >  2954 [SYN, ACK] Seq=0 Ack=1 Win=65535 Len=0 MSS=1460",ddos
359,117.101350315,10.0.2.15,192.168.56.1,TCP,54,2954  >  8000 [RST] Seq=1 Win=0 Len=0,ddos
360,118.100649308,10.0.2.15,192.168.56.1,TCP,54,2955  >  8000 [SYN] Seq=0 Win=512 Len=0,ddos
361,118.102152269,192.168.56.1,10.0.2.15,TCP,60,"8000  >  2955 [SYN, ACK] Seq=0 Ack=1 Win=65535 Len=0 MSS=1460",ddos
362,118.102205465,10.0.2.15,192.168.56.1,TCP,54,2955  >  8000 [RST] Seq=1 Win=0 Len=0,ddos
363,119.101481341,10.0.2.15,192.168.56.1,TCP,54,2956  >  8000 [SYN] Seq=0 Win=512 Len=0,ddos
364,119.103195967,192.168.56.1,10.0.2.15,TCP,60,"8000  >  2956 [SYN, ACK] Seq=0 Ack=1 Win=65535 Len=0 MSS=1460",ddos
365,119.103261308,10.0.2.15,192.168.56.1,TCP,54,2956  >  8000 [RST] Seq=1 Win=0 Len=0,ddos
366,120.102636233,10.0.2.15,192.168.56.1,TCP,54,2957  >  8000 [SYN] Seq=0 Win=512 Len=0,ddos
367,120.103699472,192.168.56.1,10.0.2.15,TCP,60,"8000  >  2957 [SYN, ACK] Seq=0 Ack=1 Win=65535 Len=0 MSS=1460",ddos
368,120.103740825,10.0.2.15,192.168.56.1,TCP,54,2957  >  8000 [RST] Seq=1 Win=0 Len=0,ddos
369,121.10399922,10.0.2.15,192.168.56.1,TCP,54,2958  >  8000 [SYN] Seq=0 Win=512 Len=0,ddos
370,121.105047673,192.168.56.1,10.0.2.15,TCP,60,"8000  >  2958 [SYN, ACK] Seq=0 Ack=1 Win=65535 Len=0 MSS=1460",ddos
371,121.105087179,10.0.2.15,192.168.56.1,TCP,54,2958  >  8000 [RST] Seq=1 Win=0 Len=0,ddos
372,121.96404273,10.0.2.15,192.168.1.1,DNS,87,Standard query 0xaaee A safebrowsing.googleapis.com,ddos
373,121.964324731,10.0.2.15,192.168.1.1,DNS,87,Standard query 0x24e0 AAAA safebrowsing.googleapis.com,ddos
374,121.974050016,192.168.1.1,10.0.2.15,DNS,103,Standard query response 0xaaee A safebrowsing.googleapis.com A 142.250.196.170,ddos
375,121.97505545,192.168.1.1,10.0.2.15,DNS,115,Standard query response 0x24e0 AAAA safebrowsing.googleapis.com AAAA 2404:6800:4007:82c::200a,ddos
376,121.976843575,10.0.2.15,142.250.196.170,TCP,74,34112  >  443 [SYN] Seq=0 Win=32120 Len=0 MSS=1460 SACK_PERM TSval=3529088550 TSecr=0 WS=128,ddos
377,121.996373618,142.250.196.170,10.0.2.15,TCP,60,"443  >  34112 [SYN, ACK] Seq=0 Ack=1 Win=65535 Len=0 MSS=1460",ddos
378,121.996471543,10.0.2.15,142.250.196.170,TCP,54,34112  >  443 [ACK] Seq=1 Ack=1 Win=32120 Len=0,ddos
379,122.021503917,10.0.2.15,142.250.196.170,TLSv1.3,571,Client Hello (SNI=safebrowsing.googleapis.com),ddos
380,122.022528996,142.250.196.170,10.0.2.15,TCP,60,443  >  34112 [ACK] Seq=1 Ack=518 Win=65535 Len=0,ddos
381,122.075670004,142.250.196.170,10.0.2.15,TLSv1.3,2894,"Server Hello, Change Cipher Spec",ddos
382,122.075727929,10.0.2.15,142.250.196.170,TCP,54,34112  >  443 [ACK] Seq=518 Ack=2841 Win=31240 Len=0,ddos
383,122.076178846,142.250.196.170,10.0.2.15,TLSv1.3,1707,Application Data,ddos
384,122.076208942,10.0.2.15,142.250.196.170,TCP,54,34112  >  443 [ACK] Seq=518 Ack=4494 Win=31240 Len=0,ddos
385,122.102899509,10.0.2.15,192.168.1.1,DNS,70,Standard query 0x3eb5 A o.pki.goog,ddos
386,122.103401843,10.0.2.15,192.168.1.1,DNS,70,Standard query 0xbabf AAAA o.pki.goog,ddos
387,122.104407351,10.0.2.15,192.168.56.1,TCP,54,2959  >  8000 [SYN] Seq=0 Win=512 Len=0,ddos
388,122.105283805,192.168.56.1,10.0.2.15,TCP,60,"8000  >  2959 [SYN, ACK] Seq=0 Ack=1 Win=65535 Len=0 MSS=1460",ddos
389,122.105323929,10.0.2.15,192.168.56.1,TCP,54,2959  >  8000 [RST] Seq=1 Win=0 Len=0,ddos
390,122.113256714,192.168.1.1,10.0.2.15,DNS,121,Standard query response 0x3eb5 A o.pki.goog CNAME pki-goog.l.google.com A 142.250.182.35,ddos
391,122.113257287,192.168.1.1,10.0.2.15,DNS,133,Standard query response 0xbabf AAAA o.pki.goog CNAME pki-goog.l.google.com AAAA 2404:6800:4007:81c::2003,ddos
392,122.113974348,10.0.2.15,142.250.182.35,TCP,74,45922  >  80 [SYN] Seq=0 Win=32120 Len=0 MSS=1460 SACK_PERM TSval=1939651567 TSecr=0 WS=128,ddos
393,122.14155587,142.250.182.35,10.0.2.15,TCP,60,"80  >  45922 [SYN, ACK] Seq=0 Ack=1 Win=65535 Len=0 MSS=1460",ddos
394,122.141629459,10.0.2.15,142.250.182.35,TCP,54,45922  >  80 [ACK] Seq=1 Ack=1 Win=32120 Len=0,ddos
395,122.142091249,10.0.2.15,142.250.182.35,OCSP,467,Request,ddos
396,122.142568326,142.250.182.35,10.0.2.15,TCP,60,80  >  45922 [ACK] Seq=1 Ack=414 Win=65535 Len=0,ddos
397,122.202023136,142.250.182.35,10.0.2.15,OCSP,756,Response,ddos
398,122.202100929,10.0.2.15,142.250.182.35,TCP,54,45922  >  80 [ACK] Seq=414 Ack=703 Win=31590 Len=0,ddos
399,122.205442844,10.0.2.15,142.250.196.170,TLSv1.3,118,"Change Cipher Spec, Application Data",ddos
400,122.206045392,142.250.196.170,10.0.2.15,TCP,60,443  >  34112 [ACK] Seq=4494 Ack=582 Win=65535 Len=0,ddos
401,122.21099388,10.0.2.15,142.250.196.170,TLSv1.3,224,Application Data,ddos
402,122.211518073,142.250.196.170,10.0.2.15,TCP,60,443  >  34112 [ACK] Seq=4494 Ack=752 Win=65535 Len=0,ddos
403,122.211800662,10.0.2.15,142.250.196.170,TLSv1.3,664,Application Data,ddos
404,122.212319316,142.250.196.170,10.0.2.15,TCP,60,443  >  34112 [ACK] Seq=4494 Ack=1362 Win=65535 Len=0,ddos
405,122.226402705,142.250.196.170,10.0.2.15,TLSv1.3,668,"Application Data, Application Data",ddos
406,122.226464186,10.0.2.15,142.250.196.170,TCP,54,34112  >  443 [ACK] Seq=1362 Ack=5108 Win=31240 Len=0,ddos
407,122.228531308,10.0.2.15,142.250.196.170,TLSv1.3,85,Application Data,ddos
408,122.229162032,142.250.196.170,10.0.2.15,TCP,60,443  >  34112 [ACK] Seq=5108 Ack=1393 Win=65535 Len=0,ddos
409,122.238428621,142.250.196.170,10.0.2.15,TLSv1.3,85,Application Data,ddos
410,122.27362163,142.250.196.170,10.0.2.15,TLSv1.3,5937,"Application Data, Application Data, Application Data, Application Data, Application Data",ddos
411,122.273664818,10.0.2.15,142.250.196.170,TCP,54,34112  >  443 [ACK] Seq=1393 Ack=11022 Win=31240 Len=0,ddos
412,122.274922591,142.250.196.170,10.0.2.15,TLSv1.3,2878,"Application Data, Application Data",ddos
413,122.274985403,10.0.2.15,142.250.196.170,TCP,54,34112  >  443 [ACK] Seq=1393 Ack=13846 Win=31240 Len=0,ddos
414,122.275379226,142.250.196.170,10.0.2.15,TLSv1.3,5702,"Application Data, Application Data, Application Data, Application Data",ddos
415,122.275415566,10.0.2.15,142.250.196.170,TCP,54,34112  >  443 [ACK] Seq=1393 Ack=19494 Win=31240 Len=0,ddos
416,122.276233992,142.250.196.170,10.0.2.15,TLSv1.3,1466,Application Data,ddos
417,122.276234566,142.250.196.170,10.0.2.15,TLSv1.3,1466,Application Data,ddos
418,122.276281723,10.0.2.15,142.250.196.170,TCP,54,34112  >  443 [ACK] Seq=1393 Ack=22318 Win=31240 Len=0,ddos
419,122.277525602,142.250.196.170,10.0.2.15,TLSv1.3,2878,"Application Data, Application Data",ddos
420,122.277552498,10.0.2.15,142.250.196.170,TCP,54,34112  >  443 [ACK] Seq=1393 Ack=25142 Win=31240 Len=0,ddos
421,122.277772119,142.250.196.170,10.0.2.15,TLSv1.3,1466,Application Data,ddos
422,122.279848433,142.250.196.170,10.0.2.15,TLSv1.3,4290,"Application Data, Application Data, Application Data",ddos
423,122.279884476,10.0.2.15,142.250.196.170,TCP,54,34112  >  443 [ACK] Seq=1393 Ack=30790 Win=31240 Len=0,ddos
424,122.294868126,142.250.196.170,10.0.2.15,TLSv1.3,2878,"Application Data, Application Data",ddos
425,122.29491661,10.0.2.15,142.250.196.170,TCP,54,34112  >  443 [ACK] Seq=1393 Ack=33614 Win=31240 Len=0,ddos
426,122.295677964,142.250.196.170,10.0.2.15,TLSv1.3,2878,"Application Data, Application Data",ddos
427,122.295678245,142.250.196.170,10.0.2.15,TLSv1.3,2878,"Application Data, Application Data",ddos
428,122.295706498,10.0.2.15,142.250.196.170,TCP,54,34112  >  443 [ACK] Seq=1393 Ack=36438 Win=31240 Len=0,ddos
429,122.29576085,10.0.2.15,142.250.196.170,TCP,54,34112  >  443 [ACK] Seq=1393 Ack=39262 Win=31240 Len=0,ddos
430,122.297390496,142.250.196.170,10.0.2.15,TLSv1.3,2878,"Application Data, Application Data",ddos
431,122.297468417,10.0.2.15,142.250.196.170,TCP,54,34112  >  443 [ACK] Seq=1393 Ack=42086 Win=36920 Len=0,ddos
432,122.297905245,142.250.196.170,10.0.2.15,TLSv1.3,2878,"Application Data, Application Data",ddos
433,122.297941662,10.0.2.15,142.250.196.170,TCP,54,34112  >  443 [ACK] Seq=1393 Ack=44910 Win=42600 Len=0,ddos
434,122.300927254,142.250.196.170,10.0.2.15,TLSv1.3,9938,"Application Data, Application Data, Application Data, Application Data, Application Data, Application Data, Application Data",ddos
435,122.300927595,142.250.196.170,10.0.2.15,TLSv1.3,1466,Application Data,ddos
436,122.300980074,10.0.2.15,142.250.196.170,TCP,54,34112  >  443 [ACK] Seq=1393 Ack=54794 Win=62480 Len=0,ddos
437,122.301166868,142.250.196.170,10.0.2.15,TLSv1.3,1466,Application Data,ddos
438,122.301192657,10.0.2.15,142.250.196.170,TCP,54,34112  >  443 [ACK] Seq=1393 Ack=57618 Win=65535 Len=0,ddos
439,122.301966525,142.250.196.170,10.0.2.15,TLSv1.3,1466,Application Data,ddos
440,122.303422152,142.250.196.170,10.0.2.15,TLSv1.3,2878,"Application Data, Application Data",ddos
441,122.303422984,142.250.196.170,10.0.2.15,TLSv1.3,1466,Application Data,ddos
442,122.30347219,10.0.2.15,142.250.196.170,TCP,54,34112  >  443 [ACK] Seq=1393 Ack=61854 Win=65535 Len=0,ddos
443,122.304076714,142.250.196.170,10.0.2.15,TLSv1.3,1466,Application Data,ddos
444,122.304077089,142.250.196.170,10.0.2.15,TLSv1.3,1466,Application Data,ddos
445,122.30412095,10.0.2.15,142.250.196.170,TCP,54,34112  >  443 [ACK] Seq=1393 Ack=64678 Win=65535 Len=0,ddos
446,122.305745196,142.250.196.170,10.0.2.15,TLSv1.3,4290,"Application Data, Application Data, Application Data",ddos
447,122.305745619,142.250.196.170,10.0.2.15,TLSv1.3,441,"Application Data, Application Data",ddos
448,122.305778285,10.0.2.15,142.250.196.170,TCP,54,34112  >  443 [ACK] Seq=1393 Ack=70326 Win=65535 Len=0,ddos
449,122.306014652,10.0.2.15,142.250.196.170,TLSv1.3,93,Application Data,ddos
450,122.306283692,142.250.196.170,10.0.2.15,TCP,60,443  >  34112 [ACK] Seq=70713 Ack=1432 Win=65535 Len=0,ddos
451,122.30645859,10.0.2.15,142.250.196.170,TLSv1.3,78,Application Data,ddos
452,122.306555319,10.0.2.15,142.250.196.170,TCP,54,"34112  >  443 [FIN, ACK] Seq=1456 Ack=70713 Win=65535 Len=0",ddos
453,122.30673729,142.250.196.170,10.0.2.15,TCP,60,443  >  34112 [ACK] Seq=70713 Ack=1456 Win=65535 Len=0,ddos
454,122.306737445,142.250.196.170,10.0.2.15,TCP,60,443  >  34112 [ACK] Seq=70713 Ack=1457 Win=65535 Len=0,ddos
455,122.326228264,142.250.196.170,10.0.2.15,TCP,60,"443  >  34112 [FIN, ACK] Seq=70713 Ack=1457 Win=65535 Len=0",ddos
456,122.326253082,10.0.2.15,142.250.196.170,TCP,54,34112  >  443 [ACK] Seq=1457 Ack=70714 Win=31024 Len=0,ddos
457,123.104648008,10.0.2.15,192.168.56.1,TCP,54,2960  >  8000 [SYN] Seq=0 Win=512 Len=0,ddos
458,123.105185299,192.168.56.1,10.0.2.15,TCP,60,"8000  >  2960 [SYN, ACK] Seq=0 Ack=1 Win=65535 Len=0 MSS=1460",ddos
459,123.105207152,10.0.2.15,192.168.56.1,TCP,54,2960  >  8000 [RST] Seq=1 Win=0 Len=0,ddos
460,124.105258034,10.0.2.15,192.168.56.1,TCP,54,2961  >  8000 [SYN] Seq=0 Win=512 Len=0,ddos
461,124.105761102,192.168.56.1,10.0.2.15,TCP,60,"8000  >  2961 [SYN, ACK] Seq=0 Ack=1 Win=65535 Len=0 MSS=1460",ddos
462,124.105781488,10.0.2.15,192.168.56.1,TCP,54,2961  >  8000 [RST] Seq=1 Win=0 Len=0,ddos
463,125.105621612,10.0.2.15,192.168.56.1,TCP,54,2962  >  8000 [SYN] Seq=0 Win=512 Len=0,ddos
464,125.106123924,192.168.56.1,10.0.2.15,TCP,60,"8000  >  2962 [SYN, ACK] Seq=0 Ack=1 Win=65535 Len=0 MSS=1460",ddos
465,125.106150769,10.0.2.15,192.168.56.1,TCP,54,2962  >  8000 [RST] Seq=1 Win=0 Len=0,ddos
466,126.106614932,10.0.2.15,192.168.56.1,TCP,54,2963  >  8000 [SYN] Seq=0 Win=512 Len=0,ddos
467,126.107323376,192.168.56.1,10.0.2.15,TCP,60,"8000  >  2963 [SYN, ACK] Seq=0 Ack=1 Win=65535 Len=0 MSS=1460",ddos
468,126.107373169,10.0.2.15,192.168.56.1,TCP,54,2963  >  8000 [RST] Seq=1 Win=0 Len=0,ddos
469,127.107001495,10.0.2.15,192.168.56.1,TCP,54,2964  >  8000 [SYN] Seq=0 Win=512 Len=0,ddos
470,127.108546849,192.168.56.1,10.0.2.15,TCP,60,"8000  >  2964 [SYN, ACK] Seq=0 Ack=1 Win=65535 Len=0 MSS=1460",ddos
471,127.108596405,10.0.2.15,192.168.56.1,TCP,54,2964  >  8000 [RST] Seq=1 Win=0 Len=0,ddos
472,128.107552153,10.0.2.15,192.168.56.1,TCP,54,2965  >  8000 [SYN] Seq=0 Win=512 Len=0,ddos
473,128.108519514,192.168.56.1,10.0.2.15,TCP,60,"8000  >  2965 [SYN, ACK] Seq=0 Ack=1 Win=65535 Len=0 MSS=1460",ddos
474,128.108565467,10.0.2.15,192.168.56.1,TCP,54,2965  >  8000 [RST] Seq=1 Win=0 Len=0,ddos
475,129.107981136,10.0.2.15,192.168.56.1,TCP,54,2966  >  8000 [SYN] Seq=0 Win=512 Len=0,ddos
476,129.109509321,192.168.56.1,10.0.2.15,TCP,60,"8000  >  2966 [SYN, ACK] Seq=0 Ack=1 Win=65535 Len=0 MSS=1460",ddos
477,129.10957251,10.0.2.15,192.168.56.1,TCP,54,2966  >  8000 [RST] Seq=1 Win=0 Len=0,ddos
478,130.108401414,10.0.2.15,192.168.56.1,TCP,54,2967  >  8000 [SYN] Seq=0 Win=512 Len=0,ddos
479,130.109033948,192.168.56.1,10.0.2.15,TCP,60,"8000  >  2967 [SYN, ACK] Seq=0 Ack=1 Win=65535 Len=0 MSS=1460",ddos
480,130.109061277,10.0.2.15,192.168.56.1,TCP,54,2967  >  8000 [RST] Seq=1 Win=0 Len=0,ddos
481,131.108630162,10.0.2.15,192.168.56.1,TCP,54,2968  >  8000 [SYN] Seq=0 Win=512 Len=0,ddos
482,131.109443206,192.168.56.1,10.0.2.15,TCP,60,"8000  >  2968 [SYN, ACK] Seq=0 Ack=1 Win=65535 Len=0 MSS=1460",ddos
483,131.109472078,10.0.2.15,192.168.56.1,TCP,54,2968  >  8000 [RST] Seq=1 Win=0 Len=0,ddos
484,132.109645519,10.0.2.15,192.168.56.1,TCP,54,2969  >  8000 [SYN] Seq=0 Win=512 Len=0,ddos
485,132.11071584,192.168.56.1,10.0.2.15,TCP,60,"8000  >  2969 [SYN, ACK] Seq=0 Ack=1 Win=65535 Len=0 MSS=1460",ddos
486,132.110757173,10.0.2.15,192.168.56.1,TCP,54,2969  >  8000 [RST] Seq=1 Win=0 Len=0,ddos
487,132.303092115,10.0.2.15,142.250.182.35,TCP,54,[TCP Keep-Alive] 45922  >  80 [ACK] Seq=413 Ack=703 Win=31590 Len=0,ddos
488,132.303442473,142.250.182.35,10.0.2.15,TCP,60,[TCP Keep-Alive ACK] 80  >  45922 [ACK] Seq=703 Ack=414 Win=65535 Len=0,ddos
489,133.110346097,10.0.2.15,192.168.56.1,TCP,54,2970  >  8000 [SYN] Seq=0 Win=512 Len=0,ddos
490,133.11129798,192.168.56.1,10.0.2.15,TCP,60,"8000  >  2970 [SYN, ACK] Seq=0 Ack=1 Win=65535 Len=0 MSS=1460",ddos
491,133.111326966,10.0.2.15,192.168.56.1,TCP,54,2970  >  8000 [RST] Seq=1 Win=0 Len=0,ddos
492,134.110858275,10.0.2.15,192.168.56.1,TCP,54,2971  >  8000 [SYN] Seq=0 Win=512 Len=0,ddos
493,134.111757549,192.168.56.1,10.0.2.15,TCP,60,"8000  >  2971 [SYN, ACK] Seq=0 Ack=1 Win=65535 Len=0 MSS=1460",ddos
494,134.111793168,10.0.2.15,192.168.56.1,TCP,54,2971  >  8000 [RST] Seq=1 Win=0 Len=0,ddos
495,135.111662326,10.0.2.15,192.168.56.1,TCP,54,2972  >  8000 [SYN] Seq=0 Win=512 Len=0,ddos
496,135.11321544,192.168.56.1,10.0.2.15,TCP,60,"8000  >  2972 [SYN, ACK] Seq=0 Ack=1 Win=65535 Len=0 MSS=1460",ddos
497,135.113279592,10.0.2.15,192.168.56.1,TCP,54,2972  >  8000 [RST] Seq=1 Win=0 Len=0,ddos
498,136.112127143,10.0.2.15,192.168.56.1,TCP,54,2973  >  8000 [SYN] Seq=0 Win=512 Len=0,ddos
499,136.113649272,192.168.56.1,10.0.2.15,TCP,60,"8000  >  2973 [SYN, ACK] Seq=0 Ack=1 Win=65535 Len=0 MSS=1460",ddos
500,136.11370801,10.0.2.15,192.168.56.1,TCP,54,2973  >  8000 [RST] Seq=1 Win=0 Len=0,ddos
501,137.113426773,10.0.2.15,192.168.56.1,TCP,54,2974  >  8000 [SYN] Seq=0 Win=512 Len=0,ddos
502,137.115590267,192.168.56.1,10.0.2.15,TCP,60,"8000  >  2974 [SYN, ACK] Seq=0 Ack=1 Win=65535 Len=0 MSS=1460",ddos
503,137.115660657,10.0.2.15,192.168.56.1,TCP,54,2974  >  8000 [RST] Seq=1 Win=0 Len=0,ddos
504,138.114099192,10.0.2.15,192.168.56.1,TCP,54,2975  >  8000 [SYN] Seq=0 Win=512 Len=0,ddos
505,138.115792139,192.168.56.1,10.0.2.15,TCP,60,"8000  >  2975 [SYN, ACK] Seq=0 Ack=1 Win=65535 Len=0 MSS=1460",ddos
506,138.115844487,10.0.2.15,192.168.56.1,TCP,54,2975  >  8000 [RST] Seq=1 Win=0 Len=0,ddos
507,139.114662309,10.0.2.15,192.168.56.1,TCP,54,2976  >  8000 [SYN] Seq=0 Win=512 Len=0,ddos
508,139.116556972,192.168.56.1,10.0.2.15,TCP,60,"8000  >  2976 [SYN, ACK] Seq=0 Ack=1 Win=65535 Len=0 MSS=1460",ddos
509,139.116658326,10.0.2.15,192.168.56.1,TCP,54,2976  >  8000 [RST] Seq=1 Win=0 Len=0,ddos
510,140.115608858,10.0.2.15,192.168.56.1,TCP,54,2977  >  8000 [SYN] Seq=0 Win=512 Len=0,ddos
511,140.117106061,192.168.56.1,10.0.2.15,TCP,60,"8000  >  2977 [SYN, ACK] Seq=0 Ack=1 Win=65535 Len=0 MSS=1460",ddos
512,140.117225093,10.0.2.15,192.168.56.1,TCP,54,2977  >  8000 [RST] Seq=1 Win=0 Len=0,ddos
513,141.116210305,10.0.2.15,192.168.56.1,TCP,54,2978  >  8000 [SYN] Seq=0 Win=512 Len=0,ddos
514,141.11788531,192.168.56.1,10.0.2.15,TCP,60,"8000  >  2978 [SYN, ACK] Seq=0 Ack=1 Win=65535 Len=0 MSS=1460",ddos
515,141.117953449,10.0.2.15,192.168.56.1,TCP,54,2978  >  8000 [RST] Seq=1 Win=0 Len=0,ddos
516,142.117569288,10.0.2.15,192.168.56.1,TCP,54,2979  >  8000 [SYN] Seq=0 Win=512 Len=0,ddos
517,142.119077118,192.168.56.1,10.0.2.15,TCP,60,"8000  >  2979 [SYN, ACK] Seq=0 Ack=1 Win=65535 Len=0 MSS=1460",ddos
518,142.119127225,10.0.2.15,192.168.56.1,TCP,54,2979  >  8000 [RST] Seq=1 Win=0 Len=0,ddos
519,142.543315846,10.0.2.15,142.250.182.35,TCP,54,[TCP Keep-Alive] 45922  >  80 [ACK] Seq=413 Ack=703 Win=31590 Len=0,ddos
520,142.543607162,142.250.182.35,10.0.2.15,TCP,60,[TCP Keep-Alive ACK] 80  >  45922 [ACK] Seq=703 Ack=414 Win=65535 Len=0,ddos
521,143.118759367,10.0.2.15,192.168.56.1,TCP,54,2980  >  8000 [SYN] Seq=0 Win=512 Len=0,ddos
522,143.120443426,192.168.56.1,10.0.2.15,TCP,60,"8000  >  2980 [SYN, ACK] Seq=0 Ack=1 Win=65535 Len=0 MSS=1460",ddos
523,143.120497422,10.0.2.15,192.168.56.1,TCP,54,2980  >  8000 [RST] Seq=1 Win=0 Len=0,ddos
524,144.119582059,10.0.2.15,192.168.56.1,TCP,54,2981  >  8000 [SYN] Seq=0 Win=512 Len=0,ddos
525,144.12043985,192.168.56.1,10.0.2.15,TCP,60,"8000  >  2981 [SYN, ACK] Seq=0 Ack=1 Win=65535 Len=0 MSS=1460",ddos
526,144.120481972,10.0.2.15,192.168.56.1,TCP,54,2981  >  8000 [RST] Seq=1 Win=0 Len=0,ddos
527,145.120066493,10.0.2.15,192.168.56.1,TCP,54,2982  >  8000 [SYN] Seq=0 Win=512 Len=0,ddos
528,145.12163776,192.168.56.1,10.0.2.15,TCP,60,"8000  >  2982 [SYN, ACK] Seq=0 Ack=1 Win=65535 Len=0 MSS=1460",ddos
529,145.121697788,10.0.2.15,192.168.56.1,TCP,54,2982  >  8000 [RST] Seq=1 Win=0 Len=0,ddos
530,146.120814083,10.0.2.15,192.168.56.1,TCP,54,2983  >  8000 [SYN] Seq=0 Win=512 Len=0,ddos
531,146.122345717,192.168.56.1,10.0.2.15,TCP,60,"8000  >  2983 [SYN, ACK] Seq=0 Ack=1 Win=65535 Len=0 MSS=1460",ddos
532,146.12239772,10.0.2.15,192.168.56.1,TCP,54,2983  >  8000 [RST] Seq=1 Win=0 Len=0,ddos
533,147.121588873,10.0.2.15,192.168.56.1,TCP,54,2984  >  8000 [SYN] Seq=0 Win=512 Len=0,ddos
534,147.123428047,192.168.56.1,10.0.2.15,TCP,60,"8000  >  2984 [SYN, ACK] Seq=0 Ack=1 Win=65535 Len=0 MSS=1460",ddos
535,147.123488837,10.0.2.15,192.168.56.1,TCP,54,2984  >  8000 [RST] Seq=1 Win=0 Len=0,ddos
536,148.122646495,10.0.2.15,192.168.56.1,TCP,54,2985  >  8000 [SYN] Seq=0 Win=512 Len=0,ddos
537,148.12426219,192.168.56.1,10.0.2.15,TCP,60,"8000  >  2985 [SYN, ACK] Seq=0 Ack=1 Win=65535 Len=0 MSS=1460",ddos
538,148.124327997,10.0.2.15,192.168.56.1,TCP,54,2985  >  8000 [RST] Seq=1 Win=0 Len=0,ddos
539,149.123347149,10.0.2.15,192.168.56.1,TCP,54,2986  >  8000 [SYN] Seq=0 Win=512 Len=0,ddos
540,149.124796463,192.168.56.1,10.0.2.15,TCP,60,"8000  >  2986 [SYN, ACK] Seq=0 Ack=1 Win=65535 Len=0 MSS=1460",ddos
541,149.124847615,10.0.2.15,192.168.56.1,TCP,54,2986  >  8000 [RST] Seq=1 Win=0 Len=0,ddos
542,150.123916871,10.0.2.15,192.168.56.1,TCP,54,2987  >  8000 [SYN] Seq=0 Win=512 Len=0,ddos
543,150.125464686,192.168.56.1,10.0.2.15,TCP,60,"8000  >  2987 [SYN, ACK] Seq=0 Ack=1 Win=65535 Len=0 MSS=1460",ddos
544,150.125568187,10.0.2.15,192.168.56.1,TCP,54,2987  >  8000 [RST] Seq=1 Win=0 Len=0,ddos
545,151.124405711,10.0.2.15,192.168.56.1,TCP,54,2988  >  8000 [SYN] Seq=0 Win=512 Len=0,ddos
546,151.126078996,192.168.56.1,10.0.2.15,TCP,60,"8000  >  2988 [SYN, ACK] Seq=0 Ack=1 Win=65535 Len=0 MSS=1460",ddos
547,151.12614505,10.0.2.15,192.168.56.1,TCP,54,2988  >  8000 [RST] Seq=1 Win=0 Len=0,ddos
548,152.125395129,10.0.2.15,192.168.56.1,TCP,54,2989  >  8000 [SYN] Seq=0 Win=512 Len=0,ddos
549,152.126424338,192.168.56.1,10.0.2.15,TCP,60,"8000  >  2989 [SYN, ACK] Seq=0 Ack=1 Win=65535 Len=0 MSS=1460",ddos
550,152.126461724,10.0.2.15,192.168.56.1,TCP,54,2989  >  8000 [RST] Seq=1 Win=0 Len=0,ddos
551,152.783116644,10.0.2.15,142.250.182.35,TCP,54,[TCP Keep-Alive] 45922  >  80 [ACK] Seq=413 Ack=703 Win=31590 Len=0,ddos
552,152.783585822,142.250.182.35,10.0.2.15,TCP,60,[TCP Keep-Alive ACK] 80  >  45922 [ACK] Seq=703 Ack=414 Win=65535 Len=0,ddos
553,153.125967322,10.0.2.15,192.168.56.1,TCP,54,2990  >  8000 [SYN] Seq=0 Win=512 Len=0,ddos
554,153.128105964,192.168.56.1,10.0.2.15,TCP,60,"8000  >  2990 [SYN, ACK] Seq=0 Ack=1 Win=65535 Len=0 MSS=1460",ddos
555,153.128170825,10.0.2.15,192.168.56.1,TCP,54,2990  >  8000 [RST] Seq=1 Win=0 Len=0,ddos
556,154.126691788,10.0.2.15,192.168.56.1,TCP,54,2991  >  8000 [SYN] Seq=0 Win=512 Len=0,ddos
557,154.127852227,192.168.56.1,10.0.2.15,TCP,60,"8000  >  2991 [SYN, ACK] Seq=0 Ack=1 Win=65535 Len=0 MSS=1460",ddos
558,154.127900528,10.0.2.15,192.168.56.1,TCP,54,2991  >  8000 [RST] Seq=1 Win=0 Len=0,ddos
559,155.12749947,10.0.2.15,192.168.56.1,TCP,54,2992  >  8000 [SYN] Seq=0 Win=512 Len=0,ddos
560,155.128877875,192.168.56.1,10.0.2.15,TCP,60,"8000  >  2992 [SYN, ACK] Seq=0 Ack=1 Win=65535 Len=0 MSS=1460",ddos
561,155.128926701,10.0.2.15,192.168.56.1,TCP,54,2992  >  8000 [RST] Seq=1 Win=0 Len=0,ddos
562,156.127871811,10.0.2.15,192.168.56.1,TCP,54,2993  >  8000 [SYN] Seq=0 Win=512 Len=0,ddos
563,156.128605227,192.168.56.1,10.0.2.15,TCP,60,"8000  >  2993 [SYN, ACK] Seq=0 Ack=1 Win=65535 Len=0 MSS=1460",ddos
564,156.128630662,10.0.2.15,192.168.56.1,TCP,54,2993  >  8000 [RST] Seq=1 Win=0 Len=0,ddos
565,157.128183491,10.0.2.15,192.168.56.1,TCP,54,2994  >  8000 [SYN] Seq=0 Win=512 Len=0,ddos
566,157.128796113,192.168.56.1,10.0.2.15,TCP,60,"8000  >  2994 [SYN, ACK] Seq=0 Ack=1 Win=65535 Len=0 MSS=1460",ddos
567,157.128821902,10.0.2.15,192.168.56.1,TCP,54,2994  >  8000 [RST] Seq=1 Win=0 Len=0,ddos
568,158.128717725,10.0.2.15,192.168.56.1,TCP,54,2995  >  8000 [SYN] Seq=0 Win=512 Len=0,ddos
569,158.130212974,192.168.56.1,10.0.2.15,TCP,60,"8000  >  2995 [SYN, ACK] Seq=0 Ack=1 Win=65535 Len=0 MSS=1460",ddos
570,158.13026496,10.0.2.15,192.168.56.1,TCP,54,2995  >  8000 [RST] Seq=1 Win=0 Len=0,ddos
571,159.129366749,10.0.2.15,192.168.56.1,TCP,54,2996  >  8000 [SYN] Seq=0 Win=512 Len=0,ddos
572,159.130859524,192.168.56.1,10.0.2.15,TCP,60,"8000  >  2996 [SYN, ACK] Seq=0 Ack=1 Win=65535 Len=0 MSS=1460",ddos
573,159.130961073,10.0.2.15,192.168.56.1,TCP,54,2996  >  8000 [RST] Seq=1 Win=0 Len=0,ddos
574,160.130228764,10.0.2.15,192.168.56.1,TCP,54,2997  >  8000 [SYN] Seq=0 Win=512 Len=0,ddos
575,160.131756824,192.168.56.1,10.0.2.15,TCP,60,"8000  >  2997 [SYN, ACK] Seq=0 Ack=1 Win=65535 Len=0 MSS=1460",ddos
576,160.131819597,10.0.2.15,192.168.56.1,TCP,54,2997  >  8000 [RST] Seq=1 Win=0 Len=0,ddos
577,161.131813983,10.0.2.15,192.168.56.1,TCP,54,2998  >  8000 [SYN] Seq=0 Win=512 Len=0,ddos
578,161.132694156,192.168.56.1,10.0.2.15,TCP,60,"8000  >  2998 [SYN, ACK] Seq=0 Ack=1 Win=65535 Len=0 MSS=1460",ddos
579,161.132732742,10.0.2.15,192.168.56.1,TCP,54,2998  >  8000 [RST] Seq=1 Win=0 Len=0,ddos
580,162.132208003,10.0.2.15,192.168.56.1,TCP,54,2999  >  8000 [SYN] Seq=0 Win=512 Len=0,ddos
581,162.133710631,192.168.56.1,10.0.2.15,TCP,60,"8000  >  2999 [SYN, ACK] Seq=0 Ack=1 Win=65535 Len=0 MSS=1460",ddos
582,162.133776485,10.0.2.15,192.168.56.1,TCP,54,2999  >  8000 [RST] Seq=1 Win=0 Len=0,ddos
583,163.023197219,10.0.2.15,142.250.182.35,TCP,54,[TCP Keep-Alive] 45922  >  80 [ACK] Seq=413 Ack=703 Win=31590 Len=0,ddos
584,163.023883673,142.250.182.35,10.0.2.15,TCP,60,[TCP Keep-Alive ACK] 80  >  45922 [ACK] Seq=703 Ack=414 Win=65535 Len=0,ddos
585,163.133289429,10.0.2.15,192.168.56.1,TCP,54,3000  >  8000 [SYN] Seq=0 Win=512 Len=0,ddos
586,163.133905456,192.168.56.1,10.0.2.15,TCP,60,"8000  >  3000 [SYN, ACK] Seq=0 Ack=1 Win=65535 Len=0 MSS=1460",ddos
587,163.133935791,10.0.2.15,192.168.56.1,TCP,54,3000  >  8000 [RST] Seq=1 Win=0 Len=0,ddos
588,164.134563699,10.0.2.15,192.168.56.1,TCP,54,3001  >  8000 [SYN] Seq=0 Win=512 Len=0,ddos
589,164.13620593,192.168.56.1,10.0.2.15,TCP,60,"8000  >  3001 [SYN, ACK] Seq=0 Ack=1 Win=65535 Len=0 MSS=1460",ddos
590,164.136269353,10.0.2.15,192.168.56.1,TCP,54,3001  >  8000 [RST] Seq=1 Win=0 Len=0,ddos
591,165.135237715,10.0.2.15,192.168.56.1,TCP,54,3002  >  8000 [SYN] Seq=0 Win=512 Len=0,ddos
592,165.136101388,192.168.56.1,10.0.2.15,TCP,60,"8000  >  3002 [SYN, ACK] Seq=0 Ack=1 Win=65535 Len=0 MSS=1460",ddos
593,165.13614051,10.0.2.15,192.168.56.1,TCP,54,3002  >  8000 [RST] Seq=1 Win=0 Len=0,ddos
594,166.135538301,10.0.2.15,192.168.56.1,TCP,54,3003  >  8000 [SYN] Seq=0 Win=512 Len=0,ddos
595,166.136111082,192.168.56.1,10.0.2.15,TCP,60,"8000  >  3003 [SYN, ACK] Seq=0 Ack=1 Win=65535 Len=0 MSS=1460",ddos
596,166.136133215,10.0.2.15,192.168.56.1,TCP,54,3003  >  8000 [RST] Seq=1 Win=0 Len=0,ddos
597,167.136345794,10.0.2.15,192.168.56.1,TCP,54,3004  >  8000 [SYN] Seq=0 Win=512 Len=0,ddos
598,167.13792404,192.168.56.1,10.0.2.15,TCP,60,"8000  >  3004 [SYN, ACK] Seq=0 Ack=1 Win=65535 Len=0 MSS=1460",ddos
599,167.137976685,10.0.2.15,192.168.56.1,TCP,54,3004  >  8000 [RST] Seq=1 Win=0 Len=0,ddos
600,168.136930144,10.0.2.15,192.168.56.1,TCP,54,3005  >  8000 [SYN] Seq=0 Win=512 Len=0,ddos
601,168.138607825,192.168.56.1,10.0.2.15,TCP,60,"8000  >  3005 [SYN, ACK] Seq=0 Ack=1 Win=65535 Len=0 MSS=1460",ddos
602,168.138671641,10.0.2.15,192.168.56.1,TCP,54,3005  >  8000 [RST] Seq=1 Win=0 Len=0,ddos
603,169.137978408,10.0.2.15,192.168.56.1,TCP,54,3006  >  8000 [SYN] Seq=0 Win=512 Len=0,ddos
604,169.138622565,192.168.56.1,10.0.2.15,TCP,60,"8000  >  3006 [SYN, ACK] Seq=0 Ack=1 Win=65535 Len=0 MSS=1460",ddos
605,169.138655788,10.0.2.15,192.168.56.1,TCP,54,3006  >  8000 [RST] Seq=1 Win=0 Len=0,ddos
606,170.138204039,10.0.2.15,192.168.56.1,TCP,54,3007  >  8000 [SYN] Seq=0 Win=512 Len=0,ddos
607,170.138847923,192.168.56.1,10.0.2.15,TCP,60,"8000  >  3007 [SYN, ACK] Seq=0 Ack=1 Win=65535 Len=0 MSS=1460",ddos
608,170.138880561,10.0.2.15,192.168.56.1,TCP,54,3007  >  8000 [RST] Seq=1 Win=0 Len=0,ddos
609,171.13850266,10.0.2.15,192.168.56.1,TCP,54,3008  >  8000 [SYN] Seq=0 Win=512 Len=0,ddos
610,171.139262189,192.168.56.1,10.0.2.15,TCP,60,"8000  >  3008 [SYN, ACK] Seq=0 Ack=1 Win=65535 Len=0 MSS=1460",ddos
611,171.1392939,10.0.2.15,192.168.56.1,TCP,54,3008  >  8000 [RST] Seq=1 Win=0 Len=0,ddos
612,172.139793286,10.0.2.15,192.168.56.1,TCP,54,3009  >  8000 [SYN] Seq=0 Win=512 Len=0,ddos
613,172.1403862,192.168.56.1,10.0.2.15,TCP,60,"8000  >  3009 [SYN, ACK] Seq=0 Ack=1 Win=65535 Len=0 MSS=1460",ddos
614,172.140413458,10.0.2.15,192.168.56.1,TCP,54,3009  >  8000 [RST] Seq=1 Win=0 Len=0,ddos
615,172.239605878,PCSSystemtec_10:57:19,52:54:00:12:35:02,ARP,42,Who has 10.0.2.2? Tell 10.0.2.15,ddos
616,172.240524774,52:54:00:12:35:02,PCSSystemtec_10:57:19,ARP,60,10.0.2.2 is at 52:54:00:12:35:02,ddos
617,173.140138469,10.0.2.15,192.168.56.1,TCP,54,3010  >  8000 [SYN] Seq=0 Win=512 Len=0,ddos
618,173.141870792,192.168.56.1,10.0.2.15,TCP,60,"8000  >  3010 [SYN, ACK] Seq=0 Ack=1 Win=65535 Len=0 MSS=1460",ddos
619,173.141938415,10.0.2.15,192.168.56.1,TCP,54,3010  >  8000 [RST] Seq=1 Win=0 Len=0,ddos
620,173.26383596,10.0.2.15,142.250.182.35,TCP,54,[TCP Keep-Alive] 45922  >  80 [ACK] Seq=413 Ack=703 Win=31590 Len=0,ddos
621,173.264305162,142.250.182.35,10.0.2.15,TCP,60,[TCP Keep-Alive ACK] 80  >  45922 [ACK] Seq=703 Ack=414 Win=65535 Len=0,ddos
622,174.140636959,10.0.2.15,192.168.56.1,TCP,54,3011  >  8000 [SYN] Seq=0 Win=512 Len=0,ddos
623,174.141590181,192.168.56.1,10.0.2.15,TCP,60,"8000  >  3011 [SYN, ACK] Seq=0 Ack=1 Win=65535 Len=0 MSS=1460",ddos
624,174.141629653,10.0.2.15,192.168.56.1,TCP,54,3011  >  8000 [RST] Seq=1 Win=0 Len=0,ddos
625,175.141309786,10.0.2.15,192.168.56.1,TCP,54,3012  >  8000 [SYN] Seq=0 Win=512 Len=0,ddos
626,175.145213452,192.168.56.1,10.0.2.15,TCP,60,"8000  >  3012 [SYN, ACK] Seq=0 Ack=1 Win=65535 Len=0 MSS=1460",ddos
627,175.14528654,10.0.2.15,192.168.56.1,TCP,54,3012  >  8000 [RST] Seq=1 Win=0 Len=0,ddos
628,176.14202753,10.0.2.15,192.168.56.1,TCP,54,3013  >  8000 [SYN] Seq=0 Win=512 Len=0,ddos
629,176.143354554,192.168.56.1,10.0.2.15,TCP,60,"8000  >  3013 [SYN, ACK] Seq=0 Ack=1 Win=65535 Len=0 MSS=1460",ddos
630,176.143411365,10.0.2.15,192.168.56.1,TCP,54,3013  >  8000 [RST] Seq=1 Win=0 Len=0,ddos
631,177.143099194,10.0.2.15,192.168.56.1,TCP,54,3014  >  8000 [SYN] Seq=0 Win=512 Len=0,ddos
632,177.144691752,192.168.56.1,10.0.2.15,TCP,60,"8000  >  3014 [SYN, ACK] Seq=0 Ack=1 Win=65535 Len=0 MSS=1460",ddos
633,177.144816678,10.0.2.15,192.168.56.1,TCP,54,3014  >  8000 [RST] Seq=1 Win=0 Len=0,ddos
634,178.143732336,10.0.2.15,192.168.56.1,TCP,54,3015  >  8000 [SYN] Seq=0 Win=512 Len=0,ddos
635,178.145289348,192.168.56.1,10.0.2.15,TCP,60,"8000  >  3015 [SYN, ACK] Seq=0 Ack=1 Win=65535 Len=0 MSS=1460",ddos
636,178.145351,10.0.2.15,192.168.56.1,TCP,54,3015  >  8000 [RST] Seq=1 Win=0 Len=0,ddos
637,179.144304675,10.0.2.15,192.168.56.1,TCP,54,3016  >  8000 [SYN] Seq=0 Win=512 Len=0,ddos
638,179.146065853,192.168.56.1,10.0.2.15,TCP,60,"8000  >  3016 [SYN, ACK] Seq=0 Ack=1 Win=65535 Len=0 MSS=1460",ddos
639,179.146129915,10.0.2.15,192.168.56.1,TCP,54,3016  >  8000 [RST] Seq=1 Win=0 Len=0,ddos
640,180.145335803,10.0.2.15,192.168.56.1,TCP,54,3017  >  8000 [SYN] Seq=0 Win=512 Len=0,ddos
641,180.146856522,192.168.56.1,10.0.2.15,TCP,60,"8000  >  3017 [SYN, ACK] Seq=0 Ack=1 Win=65535 Len=0 MSS=1460",ddos
642,180.146916065,10.0.2.15,192.168.56.1,TCP,54,3017  >  8000 [RST] Seq=1 Win=0 Len=0,ddos
643,181.146224161,10.0.2.15,192.168.56.1,TCP,54,3018  >  8000 [SYN] Seq=0 Win=512 Len=0,ddos
644,181.146895443,192.168.56.1,10.0.2.15,TCP,60,"8000  >  3018 [SYN, ACK] Seq=0 Ack=1 Win=65535 Len=0 MSS=1460",ddos
645,181.146923931,10.0.2.15,192.168.56.1,TCP,54,3018  >  8000 [RST] Seq=1 Win=0 Len=0,ddos
646,182.146578895,10.0.2.15,192.168.56.1,TCP,54,3019  >  8000 [SYN] Seq=0 Win=512 Len=0,ddos
647,182.148160787,192.168.56.1,10.0.2.15,TCP,60,"8000  >  3019 [SYN, ACK] Seq=0 Ack=1 Win=65535 Len=0 MSS=1460",ddos
648,182.148215965,10.0.2.15,192.168.56.1,TCP,54,3019  >  8000 [RST] Seq=1 Win=0 Len=0,ddos
649,183.147312823,10.0.2.15,192.168.56.1,TCP,54,3020  >  8000 [SYN] Seq=0 Win=512 Len=0,ddos
650,183.148293399,192.168.56.1,10.0.2.15,TCP,60,"8000  >  3020 [SYN, ACK] Seq=0 Ack=1 Win=65535 Len=0 MSS=1460",ddos
651,183.148337309,10.0.2.15,192.168.56.1,TCP,54,3020  >  8000 [RST] Seq=1 Win=0 Len=0,ddos
652,183.503085838,10.0.2.15,142.250.182.35,TCP,54,[TCP Keep-Alive] 45922  >  80 [ACK] Seq=413 Ack=703 Win=31590 Len=0,ddos
653,183.50347511,142.250.182.35,10.0.2.15,TCP,60,[TCP Keep-Alive ACK] 80  >  45922 [ACK] Seq=703 Ack=414 Win=65535 Len=0,ddos
654,184.147619623,10.0.2.15,192.168.56.1,TCP,54,3021  >  8000 [SYN] Seq=0 Win=512 Len=0,ddos
655,184.148570103,192.168.56.1,10.0.2.15,TCP,60,"8000  >  3021 [SYN, ACK] Seq=0 Ack=1 Win=65535 Len=0 MSS=1460",ddos
656,184.148605383,10.0.2.15,192.168.56.1,TCP,54,3021  >  8000 [RST] Seq=1 Win=0 Len=0,ddos
657,185.147960855,10.0.2.15,192.168.56.1,TCP,54,3022  >  8000 [SYN] Seq=0 Win=512 Len=0,ddos
658,185.148902213,192.168.56.1,10.0.2.15,TCP,60,"8000  >  3022 [SYN, ACK] Seq=0 Ack=1 Win=65535 Len=0 MSS=1460",ddos
659,185.148947535,10.0.2.15,192.168.56.1,TCP,54,3022  >  8000 [RST] Seq=1 Win=0 Len=0,ddos
660,186.148297205,10.0.2.15,192.168.56.1,TCP,54,3023  >  8000 [SYN] Seq=0 Win=512 Len=0,ddos
661,186.149249768,192.168.56.1,10.0.2.15,TCP,60,"8000  >  3023 [SYN, ACK] Seq=0 Ack=1 Win=65535 Len=0 MSS=1460",ddos
662,186.149282581,10.0.2.15,192.168.56.1,TCP,54,3023  >  8000 [RST] Seq=1 Win=0 Len=0,ddos
663,187.149506948,10.0.2.15,192.168.56.1,TCP,54,3024  >  8000 [SYN] Seq=0 Win=512 Len=0,ddos
664,187.150737759,192.168.56.1,10.0.2.15,TCP,60,"8000  >  3024 [SYN, ACK] Seq=0 Ack=1 Win=65535 Len=0 MSS=1460",ddos
665,187.15078674,10.0.2.15,192.168.56.1,TCP,54,3024  >  8000 [RST] Seq=1 Win=0 Len=0,ddos
666,188.15000097,10.0.2.15,192.168.56.1,TCP,54,3025  >  8000 [SYN] Seq=0 Win=512 Len=0,ddos
667,188.150950973,192.168.56.1,10.0.2.15,TCP,60,"8000  >  3025 [SYN, ACK] Seq=0 Ack=1 Win=65535 Len=0 MSS=1460",ddos
668,188.150992308,10.0.2.15,192.168.56.1,TCP,54,3025  >  8000 [RST] Seq=1 Win=0 Len=0,ddos
669,189.150438205,10.0.2.15,192.168.56.1,TCP,54,3026  >  8000 [SYN] Seq=0 Win=512 Len=0,ddos
670,189.151426123,192.168.56.1,10.0.2.15,TCP,60,"8000  >  3026 [SYN, ACK] Seq=0 Ack=1 Win=65535 Len=0 MSS=1460",ddos
671,189.151472348,10.0.2.15,192.168.56.1,TCP,54,3026  >  8000 [RST] Seq=1 Win=0 Len=0,ddos
672,190.150986131,10.0.2.15,192.168.56.1,TCP,54,3027  >  8000 [SYN] Seq=0 Win=512 Len=0,ddos
673,190.152209836,192.168.56.1,10.0.2.15,TCP,60,"8000  >  3027 [SYN, ACK] Seq=0 Ack=1 Win=65535 Len=0 MSS=1460",ddos
674,190.1522598,10.0.2.15,192.168.56.1,TCP,54,3027  >  8000 [RST] Seq=1 Win=0 Len=0,ddos
675,191.151453014,10.0.2.15,192.168.56.1,TCP,54,3028  >  8000 [SYN] Seq=0 Win=512 Len=0,ddos
676,191.152342709,192.168.56.1,10.0.2.15,TCP,60,"8000  >  3028 [SYN, ACK] Seq=0 Ack=1 Win=65535 Len=0 MSS=1460",ddos
677,191.152384347,10.0.2.15,192.168.56.1,TCP,54,3028  >  8000 [RST] Seq=1 Win=0 Len=0,ddos
678,192.151765497,10.0.2.15,192.168.56.1,TCP,54,3029  >  8000 [SYN] Seq=0 Win=512 Len=0,ddos
679,192.15261931,192.168.56.1,10.0.2.15,TCP,60,"8000  >  3029 [SYN, ACK] Seq=0 Ack=1 Win=65535 Len=0 MSS=1460",ddos
680,192.152650216,10.0.2.15,192.168.56.1,TCP,54,3029  >  8000 [RST] Seq=1 Win=0 Len=0,ddos
681,193.152062657,10.0.2.15,192.168.56.1,TCP,54,3030  >  8000 [SYN] Seq=0 Win=512 Len=0,ddos
682,193.152942723,192.168.56.1,10.0.2.15,TCP,60,"8000  >  3030 [SYN, ACK] Seq=0 Ack=1 Win=65535 Len=0 MSS=1460",ddos
683,193.152978896,10.0.2.15,192.168.56.1,TCP,54,3030  >  8000 [RST] Seq=1 Win=0 Len=0,ddos
684,193.743599865,10.0.2.15,142.250.182.35,TCP,54,[TCP Keep-Alive] 45922  >  80 [ACK] Seq=413 Ack=703 Win=31590 Len=0,ddos
685,193.743890296,142.250.182.35,10.0.2.15,TCP,60,[TCP Keep-Alive ACK] 80  >  45922 [ACK] Seq=703 Ack=414 Win=65535 Len=0,ddos
686,194.152660508,10.0.2.15,192.168.56.1,TCP,54,3031  >  8000 [SYN] Seq=0 Win=512 Len=0,ddos
687,194.153545388,192.168.56.1,10.0.2.15,TCP,60,"8000  >  3031 [SYN, ACK] Seq=0 Ack=1 Win=65535 Len=0 MSS=1460",ddos
688,194.153583268,10.0.2.15,192.168.56.1,TCP,54,3031  >  8000 [RST] Seq=1 Win=0 Len=0,ddos
689,195.15307381,10.0.2.15,192.168.56.1,TCP,54,3032  >  8000 [SYN] Seq=0 Win=512 Len=0,ddos
690,195.153619326,192.168.56.1,10.0.2.15,TCP,60,"8000  >  3032 [SYN, ACK] Seq=0 Ack=1 Win=65535 Len=0 MSS=1460",ddos
691,195.153646456,10.0.2.15,192.168.56.1,TCP,54,3032  >  8000 [RST] Seq=1 Win=0 Len=0,ddos
692,196.153783002,10.0.2.15,192.168.56.1,TCP,54,3033  >  8000 [SYN] Seq=0 Win=512 Len=0,ddos
693,196.154543564,192.168.56.1,10.0.2.15,TCP,60,"8000  >  3033 [SYN, ACK] Seq=0 Ack=1 Win=65535 Len=0 MSS=1460",ddos
694,196.154611324,10.0.2.15,192.168.56.1,TCP,54,3033  >  8000 [RST] Seq=1 Win=0 Len=0,ddos
695,197.154458203,10.0.2.15,192.168.56.1,TCP,54,3034  >  8000 [SYN] Seq=0 Win=512 Len=0,ddos
696,197.155382661,192.168.56.1,10.0.2.15,TCP,60,"8000  >  3034 [SYN, ACK] Seq=0 Ack=1 Win=65535 Len=0 MSS=1460",ddos
697,197.155423022,10.0.2.15,192.168.56.1,TCP,54,3034  >  8000 [RST] Seq=1 Win=0 Len=0,ddos
698,198.155511887,10.0.2.15,192.168.56.1,TCP,54,3035  >  8000 [SYN] Seq=0 Win=512 Len=0,ddos
699,198.156140831,192.168.56.1,10.0.2.15,TCP,60,"8000  >  3035 [SYN, ACK] Seq=0 Ack=1 Win=65535 Len=0 MSS=1460",ddos
700,198.156171311,10.0.2.15,192.168.56.1,TCP,54,3035  >  8000 [RST] Seq=1 Win=0 Len=0,ddos
701,199.155720812,10.0.2.15,192.168.56.1,TCP,54,3036  >  8000 [SYN] Seq=0 Win=512 Len=0,ddos
702,199.156322583,192.168.56.1,10.0.2.15,TCP,60,"8000  >  3036 [SYN, ACK] Seq=0 Ack=1 Win=65535 Len=0 MSS=1460",ddos
703,199.156348398,10.0.2.15,192.168.56.1,TCP,54,3036  >  8000 [RST] Seq=1 Win=0 Len=0,ddos
704,200.155955636,10.0.2.15,192.168.56.1,TCP,54,3037  >  8000 [SYN] Seq=0 Win=512 Len=0,ddos
705,200.156982594,192.168.56.1,10.0.2.15,TCP,60,"8000  >  3037 [SYN, ACK] Seq=0 Ack=1 Win=65535 Len=0 MSS=1460",ddos
706,200.157026607,10.0.2.15,192.168.56.1,TCP,54,3037  >  8000 [RST] Seq=1 Win=0 Len=0,ddos
707,201.156360718,10.0.2.15,192.168.56.1,TCP,54,3038  >  8000 [SYN] Seq=0 Win=512 Len=0,ddos
708,201.157363998,192.168.56.1,10.0.2.15,TCP,60,"8000  >  3038 [SYN, ACK] Seq=0 Ack=1 Win=65535 Len=0 MSS=1460",ddos
709,201.157400075,10.0.2.15,192.168.56.1,TCP,54,3038  >  8000 [RST] Seq=1 Win=0 Len=0,ddos
710,202.157312004,10.0.2.15,192.168.56.1,TCP,54,3039  >  8000 [SYN] Seq=0 Win=512 Len=0,ddos
711,202.158893242,192.168.56.1,10.0.2.15,TCP,60,"8000  >  3039 [SYN, ACK] Seq=0 Ack=1 Win=65535 Len=0 MSS=1460",ddos
712,202.158958614,10.0.2.15,192.168.56.1,TCP,54,3039  >  8000 [RST] Seq=1 Win=0 Len=0,ddos
713,203.158438225,10.0.2.15,192.168.56.1,TCP,54,3040  >  8000 [SYN] Seq=0 Win=512 Len=0,ddos
714,203.159593628,192.168.56.1,10.0.2.15,TCP,60,"8000  >  3040 [SYN, ACK] Seq=0 Ack=1 Win=65535 Len=0 MSS=1460",ddos
715,203.159639462,10.0.2.15,192.168.56.1,TCP,54,3040  >  8000 [RST] Seq=1 Win=0 Len=0,ddos
716,203.983544095,10.0.2.15,142.250.182.35,TCP,54,[TCP Keep-Alive] 45922  >  80 [ACK] Seq=413 Ack=703 Win=31590 Len=0,ddos
717,203.984083456,142.250.182.35,10.0.2.15,TCP,60,[TCP Keep-Alive ACK] 80  >  45922 [ACK] Seq=703 Ack=414 Win=65535 Len=0,ddos
718,204.159746796,10.0.2.15,192.168.56.1,TCP,54,3041  >  8000 [SYN] Seq=0 Win=512 Len=0,ddos
719,204.161517807,192.168.56.1,10.0.2.15,TCP,60,"8000  >  3041 [SYN, ACK] Seq=0 Ack=1 Win=65535 Len=0 MSS=1460",ddos
720,204.161583663,10.0.2.15,192.168.56.1,TCP,54,3041  >  8000 [RST] Seq=1 Win=0 Len=0,ddos
721,205.160936991,10.0.2.15,192.168.56.1,TCP,54,3042  >  8000 [SYN] Seq=0 Win=512 Len=0,ddos
722,205.162634078,192.168.56.1,10.0.2.15,TCP,60,"8000  >  3042 [SYN, ACK] Seq=0 Ack=1 Win=65535 Len=0 MSS=1460",ddos
723,205.162700149,10.0.2.15,192.168.56.1,TCP,54,3042  >  8000 [RST] Seq=1 Win=0 Len=0,ddos
724,206.16193083,10.0.2.15,192.168.56.1,TCP,54,3043  >  8000 [SYN] Seq=0 Win=512 Len=0,ddos
725,206.163747697,192.168.56.1,10.0.2.15,TCP,60,"8000  >  3043 [SYN, ACK] Seq=0 Ack=1 Win=65535 Len=0 MSS=1460",ddos
726,206.163817607,10.0.2.15,192.168.56.1,TCP,54,3043  >  8000 [RST] Seq=1 Win=0 Len=0,ddos
727,207.162702027,10.0.2.15,192.168.56.1,TCP,54,3044  >  8000 [SYN] Seq=0 Win=512 Len=0,ddos
728,207.164429377,192.168.56.1,10.0.2.15,TCP,60,"8000  >  3044 [SYN, ACK] Seq=0 Ack=1 Win=65535 Len=0 MSS=1460",ddos
729,207.164491212,10.0.2.15,192.168.56.1,TCP,54,3044  >  8000 [RST] Seq=1 Win=0 Len=0,ddos
730,208.163518771,10.0.2.15,192.168.56.1,TCP,54,3045  >  8000 [SYN] Seq=0 Win=512 Len=0,ddos
731,208.165568809,192.168.56.1,10.0.2.15,TCP,60,"8000  >  3045 [SYN, ACK] Seq=0 Ack=1 Win=65535 Len=0 MSS=1460",ddos
732,208.165645324,10.0.2.15,192.168.56.1,TCP,54,3045  >  8000 [RST] Seq=1 Win=0 Len=0,ddos
733,209.164263416,10.0.2.15,192.168.56.1,TCP,54,3046  >  8000 [SYN] Seq=0 Win=512 Len=0,ddos
734,209.165809873,192.168.56.1,10.0.2.15,TCP,60,"8000  >  3046 [SYN, ACK] Seq=0 Ack=1 Win=65535 Len=0 MSS=1460",ddos
735,209.165875373,10.0.2.15,192.168.56.1,TCP,54,3046  >  8000 [RST] Seq=1 Win=0 Len=0,ddos
736,210.165378978,10.0.2.15,192.168.56.1,TCP,54,3047  >  8000 [SYN] Seq=0 Win=512 Len=0,ddos
737,210.166389953,192.168.56.1,10.0.2.15,TCP,60,"8000  >  3047 [SYN, ACK] Seq=0 Ack=1 Win=65535 Len=0 MSS=1460",ddos
738,210.166436911,10.0.2.15,192.168.56.1,TCP,54,3047  >  8000 [RST] Seq=1 Win=0 Len=0,ddos
739,211.166175142,10.0.2.15,192.168.56.1,TCP,54,3048  >  8000 [SYN] Seq=0 Win=512 Len=0,ddos
740,211.167224431,192.168.56.1,10.0.2.15,TCP,60,"8000  >  3048 [SYN, ACK] Seq=0 Ack=1 Win=65535 Len=0 MSS=1460",ddos
741,211.167264123,10.0.2.15,192.168.56.1,TCP,54,3048  >  8000 [RST] Seq=1 Win=0 Len=0,ddos
742,211.407261472,PCSSystemtec_10:57:19,52:54:00:12:35:02,ARP,42,Who has 10.0.2.2? Tell 10.0.2.15,ddos
743,211.408200694,52:54:00:12:35:02,PCSSystemtec_10:57:19,ARP,60,10.0.2.2 is at 52:54:00:12:35:02,ddos
744,212.167075392,10.0.2.15,192.168.56.1,TCP,54,3049  >  8000 [SYN] Seq=0 Win=512 Len=0,ddos
745,212.167973618,192.168.56.1,10.0.2.15,TCP,60,"8000  >  3049 [SYN, ACK] Seq=0 Ack=1 Win=65535 Len=0 MSS=1460",ddos
746,212.168012139,10.0.2.15,192.168.56.1,TCP,54,3049  >  8000 [RST] Seq=1 Win=0 Len=0,ddos
747,213.167586354,10.0.2.15,192.168.56.1,TCP,54,3050  >  8000 [SYN] Seq=0 Win=512 Len=0,ddos
748,213.169082224,192.168.56.1,10.0.2.15,TCP,60,"8000  >  3050 [SYN, ACK] Seq=0 Ack=1 Win=65535 Len=0 MSS=1460",ddos
749,213.169145057,10.0.2.15,192.168.56.1,TCP,54,3050  >  8000 [RST] Seq=1 Win=0 Len=0,ddos
750,214.168067804,10.0.2.15,192.168.56.1,TCP,54,3051  >  8000 [SYN] Seq=0 Win=512 Len=0,ddos
751,214.169483019,192.168.56.1,10.0.2.15,TCP,60,"8000  >  3051 [SYN, ACK] Seq=0 Ack=1 Win=65535 Len=0 MSS=1460",ddos
752,214.169533785,10.0.2.15,192.168.56.1,TCP,54,3051  >  8000 [RST] Seq=1 Win=0 Len=0,ddos
753,214.223172409,10.0.2.15,142.250.182.35,TCP,54,[TCP Keep-Alive] 45922  >  80 [ACK] Seq=413 Ack=703 Win=31590 Len=0,ddos
754,214.223877952,142.250.182.35,10.0.2.15,TCP,60,[TCP Keep-Alive ACK] 80  >  45922 [ACK] Seq=703 Ack=414 Win=65535 Len=0,ddos
755,215.168476067,10.0.2.15,192.168.56.1,TCP,54,3052  >  8000 [SYN] Seq=0 Win=512 Len=0,ddos
756,215.170137102,192.168.56.1,10.0.2.15,TCP,60,"8000  >  3052 [SYN, ACK] Seq=0 Ack=1 Win=65535 Len=0 MSS=1460",ddos
757,215.170193995,10.0.2.15,192.168.56.1,TCP,54,3052  >  8000 [RST] Seq=1 Win=0 Len=0,ddos
758,216.169715352,10.0.2.15,192.168.56.1,TCP,54,3053  >  8000 [SYN] Seq=0 Win=512 Len=0,ddos
759,216.171536154,192.168.56.1,10.0.2.15,TCP,60,"8000  >  3053 [SYN, ACK] Seq=0 Ack=1 Win=65535 Len=0 MSS=1460",ddos
760,216.171592295,10.0.2.15,192.168.56.1,TCP,54,3053  >  8000 [RST] Seq=1 Win=0 Len=0,ddos
761,217.170693132,10.0.2.15,192.168.56.1,TCP,54,3054  >  8000 [SYN] Seq=0 Win=512 Len=0,ddos
762,217.17263303,192.168.56.1,10.0.2.15,TCP,60,"8000  >  3054 [SYN, ACK] Seq=0 Ack=1 Win=65535 Len=0 MSS=1460",ddos
763,217.172707392,10.0.2.15,192.168.56.1,TCP,54,3054  >  8000 [RST] Seq=1 Win=0 Len=0,ddos
764,218.171512205,10.0.2.15,192.168.56.1,TCP,54,3055  >  8000 [SYN] Seq=0 Win=512 Len=0,ddos
765,218.173021643,192.168.56.1,10.0.2.15,TCP,60,"8000  >  3055 [SYN, ACK] Seq=0 Ack=1 Win=65535 Len=0 MSS=1460",ddos
766,218.173087873,10.0.2.15,192.168.56.1,TCP,54,3055  >  8000 [RST] Seq=1 Win=0 Len=0,ddos
767,219.172051769,10.0.2.15,192.168.56.1,TCP,54,3056  >  8000 [SYN] Seq=0 Win=512 Len=0,ddos
768,219.173795124,192.168.56.1,10.0.2.15,TCP,60,"8000  >  3056 [SYN, ACK] Seq=0 Ack=1 Win=65535 Len=0 MSS=1460",ddos
769,219.173859372,10.0.2.15,192.168.56.1,TCP,54,3056  >  8000 [RST] Seq=1 Win=0 Len=0,ddos
770,220.173550333,10.0.2.15,192.168.56.1,TCP,54,3057  >  8000 [SYN] Seq=0 Win=512 Len=0,ddos
771,220.174514796,192.168.56.1,10.0.2.15,TCP,60,"8000  >  3057 [SYN, ACK] Seq=0 Ack=1 Win=65535 Len=0 MSS=1460",ddos
772,220.174549656,10.0.2.15,192.168.56.1,TCP,54,3057  >  8000 [RST] Seq=1 Win=0 Len=0,ddos
773,221.174242969,10.0.2.15,192.168.56.1,TCP,54,3058  >  8000 [SYN] Seq=0 Win=512 Len=0,ddos
774,221.175803815,192.168.56.1,10.0.2.15,TCP,60,"8000  >  3058 [SYN, ACK] Seq=0 Ack=1 Win=65535 Len=0 MSS=1460",ddos
775,221.175861361,10.0.2.15,192.168.56.1,TCP,54,3058  >  8000 [RST] Seq=1 Win=0 Len=0,ddos
776,222.175754496,10.0.2.15,192.168.56.1,TCP,54,3059  >  8000 [SYN] Seq=0 Win=512 Len=0,ddos
777,222.177389135,192.168.56.1,10.0.2.15,TCP,60,"8000  >  3059 [SYN, ACK] Seq=0 Ack=1 Win=65535 Len=0 MSS=1460",ddos
778,222.177452057,10.0.2.15,192.168.56.1,TCP,54,3059  >  8000 [RST] Seq=1 Win=0 Len=0,ddos
779,223.177049726,10.0.2.15,192.168.56.1,TCP,54,3060  >  8000 [SYN] Seq=0 Win=512 Len=0,ddos
780,223.178669839,192.168.56.1,10.0.2.15,TCP,60,"8000  >  3060 [SYN, ACK] Seq=0 Ack=1 Win=65535 Len=0 MSS=1460",ddos
781,223.178723849,10.0.2.15,192.168.56.1,TCP,54,3060  >  8000 [RST] Seq=1 Win=0 Len=0,ddos
782,224.177795847,10.0.2.15,192.168.56.1,TCP,54,3061  >  8000 [SYN] Seq=0 Win=512 Len=0,ddos
783,224.178646793,192.168.56.1,10.0.2.15,TCP,60,"8000  >  3061 [SYN, ACK] Seq=0 Ack=1 Win=65535 Len=0 MSS=1460",ddos
784,224.178678537,10.0.2.15,192.168.56.1,TCP,54,3061  >  8000 [RST] Seq=1 Win=0 Len=0,ddos
785,224.46326581,10.0.2.15,142.250.182.35,TCP,54,[TCP Keep-Alive] 45922  >  80 [ACK] Seq=413 Ack=703 Win=31590 Len=0,ddos
786,224.464176657,142.250.182.35,10.0.2.15,TCP,60,[TCP Keep-Alive ACK] 80  >  45922 [ACK] Seq=703 Ack=414 Win=65535 Len=0,ddos
787,225.178433266,10.0.2.15,192.168.56.1,TCP,54,3062  >  8000 [SYN] Seq=0 Win=512 Len=0,ddos
788,225.179412781,192.168.56.1,10.0.2.15,TCP,60,"8000  >  3062 [SYN, ACK] Seq=0 Ack=1 Win=65535 Len=0 MSS=1460",ddos
789,225.179446724,10.0.2.15,192.168.56.1,TCP,54,3062  >  8000 [RST] Seq=1 Win=0 Len=0,ddos
790,226.178992464,10.0.2.15,192.168.56.1,TCP,54,3063  >  8000 [SYN] Seq=0 Win=512 Len=0,ddos
791,226.179894035,192.168.56.1,10.0.2.15,TCP,60,"8000  >  3063 [SYN, ACK] Seq=0 Ack=1 Win=65535 Len=0 MSS=1460",ddos
792,226.179962944,10.0.2.15,192.168.56.1,TCP,54,3063  >  8000 [RST] Seq=1 Win=0 Len=0,ddos
793,227.183405147,10.0.2.15,192.168.56.1,TCP,54,3064  >  8000 [SYN] Seq=0 Win=512 Len=0,ddos
794,227.18496449,192.168.56.1,10.0.2.15,TCP,60,"8000  >  3064 [SYN, ACK] Seq=0 Ack=1 Win=65535 Len=0 MSS=1460",ddos
795,227.185088269,10.0.2.15,192.168.56.1,TCP,54,3064  >  8000 [RST] Seq=1 Win=0 Len=0,ddos
796,228.183875022,10.0.2.15,192.168.56.1,TCP,54,3065  >  8000 [SYN] Seq=0 Win=512 Len=0,ddos
797,228.184981364,192.168.56.1,10.0.2.15,TCP,60,"8000  >  3065 [SYN, ACK] Seq=0 Ack=1 Win=65535 Len=0 MSS=1460",ddos
798,228.185030207,10.0.2.15,192.168.56.1,TCP,54,3065  >  8000 [RST] Seq=1 Win=0 Len=0,ddos
799,229.184488944,10.0.2.15,192.168.56.1,TCP,54,3066  >  8000 [SYN] Seq=0 Win=512 Len=0,ddos
800,229.186198481,192.168.56.1,10.0.2.15,TCP,60,"8000  >  3066 [SYN, ACK] Seq=0 Ack=1 Win=65535 Len=0 MSS=1460",ddos
801,229.186257091,10.0.2.15,192.168.56.1,TCP,54,3066  >  8000 [RST] Seq=1 Win=0 Len=0,ddos
1,0.0,10.0.2.15,52.223.2.229,TLSv1.2,93,Application Data,normal
2,0.000760378,52.223.2.229,10.0.2.15,TCP,60,443  >  58034 [ACK] Seq=1 Ack=40 Win=65535 Len=0,normal
3,0.059262758,52.223.2.229,10.0.2.15,TLSv1.2,93,Application Data,normal
4,0.059310187,10.0.2.15,52.223.2.229,TCP,54,58034  >  443 [ACK] Seq=40 Ack=40 Win=31064 Len=0,normal
5,0.378066578,10.0.2.15,23.48.226.59,TCP,54,53346  >  443 [ACK] Seq=1 Ack=1 Win=31240 Len=0,normal
6,0.379095489,23.48.226.59,10.0.2.15,TCP,60,[TCP ACKed unseen segment] 443  >  53346 [ACK] Seq=1 Ack=2 Win=65535 Len=0,normal
7,1.913758655,10.0.2.15,151.101.157.44,TCP,54,33042  >  80 [ACK] Seq=1 Ack=1 Win=31240 Len=0,normal
8,1.91575148,151.101.157.44,10.0.2.15,TCP,60,[TCP ACKed unseen segment] 80  >  33042 [ACK] Seq=1 Ack=2 Win=65535 Len=0,normal
9,3.001482335,10.0.2.15,104.18.38.76,TLSv1.2,93,Application Data,normal
10,3.003254388,104.18.38.76,10.0.2.15,TCP,60,443  >  37554 [ACK] Seq=1 Ack=40 Win=65535 Len=0,normal
11,3.029428825,104.18.38.76,10.0.2.15,TLSv1.2,93,Application Data,normal
12,3.029481265,10.0.2.15,104.18.38.76,TCP,54,37554  >  443 [ACK] Seq=40 Ack=40 Win=31240 Len=0,normal
13,3.193676904,10.0.2.15,152.195.38.76,TCP,54,55404  >  80 [ACK] Seq=1 Ack=1 Win=31691 Len=0,normal
14,3.19548315,152.195.38.76,10.0.2.15,TCP,60,[TCP ACKed unseen segment] 80  >  55404 [ACK] Seq=1 Ack=2 Win=65535 Len=0,normal
15,4.002839528,10.0.2.15,13.33.146.21,TLSv1.2,93,Application Data,normal
16,4.004866693,13.33.146.21,10.0.2.15,TCP,60,443  >  37614 [ACK] Seq=1 Ack=40 Win=65535 Len=0,normal
17,4.029919729,13.33.146.21,10.0.2.15,TLSv1.2,93,Application Data,normal
18,4.030027739,10.0.2.15,13.33.146.21,TCP,54,37614  >  443 [ACK] Seq=40 Ack=40 Win=31064 Len=0,normal
19,4.824668564,10.0.2.15,13.228.126.19,TLSv1.2,93,Application Data,normal
20,4.826178649,13.228.126.19,10.0.2.15,TCP,60,443  >  44994 [ACK] Seq=1 Ack=40 Win=65535 Len=0,normal
21,4.82948045,10.0.2.15,151.101.157.44,TCP,54,"[TCP Previous segment not captured] 33042  >  80 [FIN, ACK] Seq=2 Ack=1 Win=31240 Len=0",normal
22,4.830615961,151.101.157.44,10.0.2.15,TCP,60,80  >  33042 [ACK] Seq=1 Ack=3 Win=65535 Len=0,normal
23,4.831499035,10.0.2.15,13.228.126.19,TLSv1.2,78,Application Data,normal
24,4.831672699,10.0.2.15,13.228.126.19,TCP,54,"44994  >  443 [FIN, ACK] Seq=64 Ack=1 Win=31240 Len=0",normal
25,4.832577976,13.228.126.19,10.0.2.15,TCP,60,443  >  44994 [ACK] Seq=1 Ack=64 Win=65535 Len=0,normal
26,4.832578472,13.228.126.19,10.0.2.15,TCP,60,443  >  44994 [ACK] Seq=1 Ack=65 Win=65535 Len=0,normal
27,4.852935214,151.101.157.44,10.0.2.15,TCP,60,"80  >  33042 [FIN, ACK] Seq=1 Ack=3 Win=65535 Len=0",normal
28,4.852978476,10.0.2.15,151.101.157.44,TCP,54,33042  >  80 [ACK] Seq=3 Ack=2 Win=31240 Len=0,normal
29,4.886322982,13.228.126.19,10.0.2.15,TLSv1.2,78,Application Data,normal
30,4.886324091,13.228.126.19,10.0.2.15,TCP,60,"443  >  44994 [FIN, ACK] Seq=25 Ack=65 Win=65535 Len=0",normal
31,4.886389524,10.0.2.15,13.228.126.19,TCP,54,44994  >  443 [RST] Seq=65 Win=0 Len=0,normal
32,4.886635037,10.0.2.15,13.228.126.19,TCP,54,44994  >  443 [RST] Seq=65 Win=0 Len=0,normal
33,4.887302404,13.228.126.19,10.0.2.15,TCP,60,"443  >  44994 [RST, ACK] Seq=3937708563 Ack=65 Win=0 Len=0",normal
34,5.827169865,10.0.2.15,152.195.38.76,TCP,54,"[TCP Previous segment not captured] 55404  >  80 [FIN, ACK] Seq=2 Ack=1 Win=31691 Len=0",normal
35,5.82914628,152.195.38.76,10.0.2.15,TCP,60,80  >  55404 [ACK] Seq=1 Ack=3 Win=65535 Len=0,normal
36,5.85548015,152.195.38.76,10.0.2.15,TCP,60,"80  >  55404 [FIN, ACK] Seq=1 Ack=3 Win=65535 Len=0",normal
37,5.855556265,10.0.2.15,152.195.38.76,TCP,54,55404  >  80 [ACK] Seq=3 Ack=2 Win=31691 Len=0,normal
38,7.004832334,10.0.2.15,151.101.157.44,TLSv1.2,93,Application Data,normal
39,7.006221755,151.101.157.44,10.0.2.15,TCP,60,443  >  42620 [ACK] Seq=1 Ack=40 Win=65535 Len=0,normal
40,7.028394475,151.101.157.44,10.0.2.15,TLSv1.2,93,Application Data,normal
41,7.028451339,10.0.2.15,151.101.157.44,TCP,54,42620  >  443 [ACK] Seq=40 Ack=40 Win=31240 Len=0,normal
42,7.545813,10.0.2.15,23.48.226.75,TCP,54,55886  >  80 [ACK] Seq=1 Ack=1 Win=31231 Len=0,normal
43,7.546485588,23.48.226.75,10.0.2.15,TCP,60,[TCP ACKed unseen segment] 80  >  55886 [ACK] Seq=1 Ack=2 Win=65535 Len=0,normal
44,7.827243607,10.0.2.15,104.18.36.155,TLSv1.2,93,Application Data,normal
45,7.828576897,104.18.36.155,10.0.2.15,TCP,60,443  >  57900 [ACK] Seq=1 Ack=40 Win=65535 Len=0,normal
46,7.828883495,10.0.2.15,104.18.36.155,TLSv1.2,78,Application Data,normal
47,7.829101864,10.0.2.15,104.18.36.155,TCP,54,"57900  >  443 [FIN, ACK] Seq=64 Ack=1 Win=31064 Len=0",normal
48,7.832421999,104.18.36.155,10.0.2.15,TCP,60,443  >  57900 [ACK] Seq=1 Ack=64 Win=65535 Len=0,normal
49,7.832422471,104.18.36.155,10.0.2.15,TCP,60,443  >  57900 [ACK] Seq=1 Ack=65 Win=65535 Len=0,normal
50,7.854631982,104.18.36.155,10.0.2.15,TCP,60,"443  >  57900 [FIN, ACK] Seq=1 Ack=65 Win=65535 Len=0",normal
51,7.854663433,10.0.2.15,104.18.36.155,TCP,54,57900  >  443 [ACK] Seq=65 Ack=2 Win=31064 Len=0,normal
52,9.553749089,10.0.2.15,192.168.1.1,DNS,74,Standard query 0x0452 A mail.yahoo.com,normal
53,9.553945152,10.0.2.15,192.168.1.1,DNS,74,Standard query 0xc750 AAAA mail.yahoo.com,normal
54,9.564050529,192.168.1.1,10.0.2.15,DNS,177,Standard query response 0x0452 A mail.yahoo.com CNAME edge.gycpi.b.yahoodns.net A 27.123.42.204 A 27.123.43.205 A 27.123.43.204 A 27.123.42.205,normal
55,9.565059375,192.168.1.1,10.0.2.15,DNS,225,Standard query response 0xc750 AAAA mail.yahoo.com CNAME edge.gycpi.b.yahoodns.net AAAA 2406:8600:f040:1fa::3000 AAAA 2406:8600:f03f:1fa::2000 AAAA 2406:8600:f040:1fa::2000 AAAA 2406:8600:f03f:1fa::3000,normal
56,9.566205682,10.0.2.15,27.123.42.204,TCP,74,41726  >  443 [SYN] Seq=0 Win=32120 Len=0 MSS=1460 SACK_PERM TSval=18434352 TSecr=0 WS=128,normal
57,9.604675202,27.123.42.204,10.0.2.15,TCP,60,"443  >  41726 [SYN, ACK] Seq=0 Ack=1 Win=65535 Len=0 MSS=1460",normal
58,9.604728408,10.0.2.15,27.123.42.204,TCP,54,41726  >  443 [ACK] Seq=1 Ack=1 Win=32120 Len=0,normal
59,9.607884099,10.0.2.15,27.123.42.204,TLSv1.3,571,Client Hello (SNI=mail.yahoo.com),normal
60,9.608478401,27.123.42.204,10.0.2.15,TCP,60,443  >  41726 [ACK] Seq=1 Ack=518 Win=65535 Len=0,normal
61,9.64300953,27.123.42.204,10.0.2.15,TLSv1.3,1466,"Server Hello, Change Cipher Spec, Application Data",normal
62,9.643085342,10.0.2.15,27.123.42.204,TCP,54,41726  >  443 [ACK] Seq=518 Ack=1413 Win=31064 Len=0,normal
63,9.647416354,27.123.42.204,10.0.2.15,TLSv1.3,3953,"Application Data, Application Data, Application Data",normal
64,9.647489846,10.0.2.15,27.123.42.204,TCP,54,41726  >  443 [ACK] Seq=518 Ack=5312 Win=31064 Len=0,normal
65,9.665523777,10.0.2.15,27.123.42.204,TLSv1.3,118,"Change Cipher Spec, Application Data",normal
66,9.666994083,27.123.42.204,10.0.2.15,TCP,60,443  >  41726 [ACK] Seq=5312 Ack=582 Win=65535 Len=0,normal
67,9.668760152,10.0.2.15,27.123.42.204,TLSv1.3,224,Application Data,normal
68,9.669066416,10.0.2.15,27.123.42.204,TLSv1.3,397,Application Data,normal
69,9.669393735,27.123.42.204,10.0.2.15,TCP,60,443  >  41726 [ACK] Seq=5312 Ack=752 Win=65535 Len=0,normal
70,9.669394219,27.123.42.204,10.0.2.15,TCP,60,443  >  41726 [ACK] Seq=5312 Ack=1095 Win=65535 Len=0,normal
71,9.707349964,27.123.42.204,10.0.2.15,TLSv1.3,684,"Application Data, Application Data, Application Data",normal
72,9.709413947,27.123.42.204,10.0.2.15,TLSv1.3,85,Application Data,normal
73,9.710029721,10.0.2.15,27.123.42.204,TLSv1.3,85,Application Data,normal
74,9.711533662,27.123.42.204,10.0.2.15,TCP,60,443  >  41726 [ACK] Seq=5973 Ack=1126 Win=65535 Len=0,normal
75,9.768973381,27.123.42.204,10.0.2.15,TLSv1.3,3445,"Application Data, Application Data, Application Data",normal
76,9.769042057,10.0.2.15,27.123.42.204,TCP,54,41726  >  443 [ACK] Seq=1126 Ack=9364 Win=31064 Len=0,normal
77,9.786637912,10.0.2.15,192.168.1.1,DNS,75,Standard query 0x3386 A login.yahoo.com,normal
78,9.78691781,10.0.2.15,192.168.1.1,DNS,75,Standard query 0x3881 AAAA login.yahoo.com,normal
79,9.797333306,192.168.1.1,10.0.2.15,DNS,135,Standard query response 0x3386 A login.yahoo.com CNAME ds-ats.member.g02.yahoodns.net A 106.10.248.157,normal
80,9.799071381,192.168.1.1,10.0.2.15,DNS,147,Standard query response 0x3881 AAAA login.yahoo.com CNAME ds-ats.member.g02.yahoodns.net AAAA 2406:2000:e4:1504::2000,normal
81,9.800965003,10.0.2.15,106.10.248.157,TCP,74,48204  >  443 [SYN] Seq=0 Win=32120 Len=0 MSS=1460 SACK_PERM TSval=1063009751 TSecr=0 WS=128,normal
82,9.833643087,10.0.2.15,35.244.159.8,TLSv1.2,93,Application Data,normal
83,9.834443369,10.0.2.15,142.250.195.98,TLSv1.2,93,Application Data,normal
84,9.834977941,35.244.159.8,10.0.2.15,TCP,60,443  >  53872 [ACK] Seq=1 Ack=40 Win=65535 Len=0,normal
85,9.834978468,142.250.195.98,10.0.2.15,TCP,60,443  >  52278 [ACK] Seq=1 Ack=40 Win=65535 Len=0,normal
86,9.835375414,10.0.2.15,142.250.195.98,TLSv1.2,78,Application Data,normal
87,9.835541628,10.0.2.15,142.250.195.98,TCP,54,"52278  >  443 [FIN, ACK] Seq=64 Ack=1 Win=31240 Len=0",normal
88,9.836153468,10.0.2.15,35.244.159.8,TLSv1.2,78,Application Data,normal
89,9.836328234,10.0.2.15,35.244.159.8,TCP,54,"53872  >  443 [FIN, ACK] Seq=64 Ack=1 Win=31644 Len=0",normal
90,9.837195771,142.250.195.98,10.0.2.15,TCP,60,443  >  52278 [ACK] Seq=1 Ack=64 Win=65535 Len=0,normal
91,9.83719627,142.250.195.98,10.0.2.15,TCP,60,443  >  52278 [ACK] Seq=1 Ack=65 Win=65535 Len=0,normal
92,9.837458694,35.244.159.8,10.0.2.15,TCP,60,443  >  53872 [ACK] Seq=1 Ack=64 Win=65535 Len=0,normal
93,9.837459016,35.244.159.8,10.0.2.15,TCP,60,443  >  53872 [ACK] Seq=1 Ack=65 Win=65535 Len=0,normal
94,9.859473313,106.10.248.157,10.0.2.15,TCP,60,"443  >  48204 [SYN, ACK] Seq=0 Ack=1 Win=65535 Len=0 MSS=1460",normal
95,9.859558148,10.0.2.15,106.10.248.157,TCP,54,48204  >  443 [ACK] Seq=1 Ack=1 Win=32120 Len=0,normal
96,9.863695093,35.244.159.8,10.0.2.15,TCP,60,"443  >  53872 [FIN, ACK] Seq=1 Ack=65 Win=65535 Len=0",normal
97,9.863696287,142.250.195.98,10.0.2.15,TCP,60,"443  >  52278 [FIN, ACK] Seq=1 Ack=65 Win=65535 Len=0",normal
98,9.863798357,10.0.2.15,35.244.159.8,TCP,54,53872  >  443 [ACK] Seq=65 Ack=2 Win=31644 Len=0,normal
99,9.86389176,10.0.2.15,142.250.195.98,TCP,54,52278  >  443 [ACK] Seq=65 Ack=2 Win=31240 Len=0,normal
100,9.869495537,10.0.2.15,106.10.248.157,TLSv1.3,571,Client Hello (SNI=login.yahoo.com),normal
101,9.871035591,106.10.248.157,10.0.2.15,TCP,60,443  >  48204 [ACK] Seq=1 Ack=518 Win=65535 Len=0,normal
102,9.929592049,106.10.248.157,10.0.2.15,TLSv1.3,2878,"Server Hello, Change Cipher Spec, Application Data",normal
103,9.929813879,10.0.2.15,106.10.248.157,TCP,54,48204  >  443 [ACK] Seq=518 Ack=2825 Win=31240 Len=0,normal
104,9.935098279,106.10.248.157,10.0.2.15,TLSv1.3,2106,"Application Data, Application Data, Application Data",normal
105,9.935152088,10.0.2.15,106.10.248.157,TCP,54,48204  >  443 [ACK] Seq=518 Ack=4877 Win=31240 Len=0,normal
106,9.951398436,10.0.2.15,106.10.248.157,TLSv1.3,118,"Change Cipher Spec, Application Data",normal
107,9.953105299,106.10.248.157,10.0.2.15,TCP,60,443  >  48204 [ACK] Seq=4877 Ack=582 Win=65535 Len=0,normal
108,9.955955384,10.0.2.15,106.10.248.157,TLSv1.3,224,Application Data,normal
109,9.956328925,10.0.2.15,106.10.248.157,TLSv1.3,477,Application Data,normal
110,9.958762593,106.10.248.157,10.0.2.15,TCP,60,443  >  48204 [ACK] Seq=4877 Ack=752 Win=65535 Len=0,normal
111,9.958763277,106.10.248.157,10.0.2.15,TCP,60,443  >  48204 [ACK] Seq=4877 Ack=1175 Win=65535 Len=0,normal
112,10.014788831,106.10.248.157,10.0.2.15,TLSv1.3,671,"Application Data, Application Data, Application Data",normal
113,10.017441268,106.10.248.157,10.0.2.15,TLSv1.3,85,Application Data,normal
114,10.021965888,10.0.2.15,106.10.248.157,TLSv1.3,85,Application Data,normal
115,10.024166352,106.10.248.157,10.0.2.15,TCP,60,443  >  48204 [ACK] Seq=5525 Ack=1206 Win=65535 Len=0,normal
116,10.08938955,106.10.248.157,10.0.2.15,TCP,7154,443  >  48204 [ACK] Seq=5525 Ack=1206 Win=65535 Len=7100 [TCP segment of a reassembled PDU],normal
117,10.089455608,10.0.2.15,106.10.248.157,TCP,54,48204  >  443 [ACK] Seq=1206 Ack=12625 Win=31240 Len=0,normal
118,10.0898556,106.10.248.157,10.0.2.15,TCP,1426,"443  >  48204 [PSH, ACK] Seq=12625 Ack=1206 Win=65535 Len=1372 [TCP segment of a reassembled PDU]",normal
119,10.091788444,106.10.248.157,10.0.2.15,TLSv1.3,4875,Application Data,normal
120,10.091822549,10.0.2.15,106.10.248.157,TCP,54,48204  >  443 [ACK] Seq=1206 Ack=18818 Win=31240 Len=0,normal
121,10.146725612,106.10.248.157,10.0.2.15,TLSv1.3,85,Application Data,normal
122,10.149920126,10.0.2.15,192.168.1.1,DNS,70,Standard query 0x7e3e A s.yimg.com,normal
123,10.150031715,10.0.2.15,192.168.1.1,DNS,70,Standard query 0x2a23 AAAA s.yimg.com,normal
124,10.160247342,192.168.1.1,10.0.2.15,DNS,173,Standard query response 0x7e3e A s.yimg.com CNAME edge.gycpi.b.yahoodns.net A 27.123.42.204 A 27.123.43.205 A 27.123.43.204 A 27.123.42.205,normal
125,10.162192169,192.168.1.1,10.0.2.15,DNS,221,Standard query response 0x2a23 AAAA s.yimg.com CNAME edge.gycpi.b.yahoodns.net AAAA 2406:8600:f040:1fa::3000 AAAA 2406:8600:f03f:1fa::2000 AAAA 2406:8600:f040:1fa::2000 AAAA 2406:8600:f03f:1fa::3000,normal
126,10.163067126,10.0.2.15,27.123.42.204,TLSv1.3,222,Application Data,normal
127,10.163323784,10.0.2.15,27.123.42.204,TLSv1.3,146,Application Data,normal
128,10.163518723,27.123.42.204,10.0.2.15,TCP,60,443  >  41726 [ACK] Seq=9364 Ack=1294 Win=65535 Len=0,normal
129,10.163519016,27.123.42.204,10.0.2.15,TCP,60,443  >  41726 [ACK] Seq=9364 Ack=1386 Win=65535 Len=0,normal
130,10.163693864,10.0.2.15,27.123.42.204,TLSv1.3,189,Application Data,normal
131,10.163815979,10.0.2.15,27.123.42.204,TCP,74,41732  >  443 [SYN] Seq=0 Win=32120 Len=0 MSS=1460 SACK_PERM TSval=18434950 TSecr=0 WS=128,normal
132,10.164008924,10.0.2.15,27.123.42.204,TCP,74,41740  >  443 [SYN] Seq=0 Win=32120 Len=0 MSS=1460 SACK_PERM TSval=18434950 TSecr=0 WS=128,normal
133,10.164171783,10.0.2.15,27.123.42.204,TCP,74,41752  >  443 [SYN] Seq=0 Win=32120 Len=0 MSS=1460 SACK_PERM TSval=18434950 TSecr=0 WS=128,normal
134,10.164317801,10.0.2.15,27.123.42.204,TCP,74,41760  >  443 [SYN] Seq=0 Win=32120 Len=0 MSS=1460 SACK_PERM TSval=18434950 TSecr=0 WS=128,normal
135,10.16456575,27.123.42.204,10.0.2.15,TCP,60,443  >  41726 [ACK] Seq=9364 Ack=1521 Win=65535 Len=0,normal
136,10.164947132,10.0.2.15,27.123.42.204,TLSv1.3,162,Application Data,normal
137,10.165995849,27.123.42.204,10.0.2.15,TCP,60,443  >  41726 [ACK] Seq=9364 Ack=1629 Win=65535 Len=0,normal
138,10.17362237,10.0.2.15,27.123.42.204,TLSv1.3,162,Application Data,normal
139,10.174422188,27.123.42.204,10.0.2.15,TCP,60,443  >  41726 [ACK] Seq=9364 Ack=1737 Win=65535 Len=0,normal
140,10.17497045,10.0.2.15,192.168.1.1,DNS,80,Standard query 0x4b07 A consent.cmp.oath.com,normal
141,10.175060955,10.0.2.15,192.168.1.1,DNS,80,Standard query 0x020b AAAA consent.cmp.oath.com,normal
142,10.175488657,10.0.2.15,192.168.1.1,DNS,84,Standard query 0xa438 A opus.analytics.yahoo.com,normal
143,10.17573266,10.0.2.15,192.168.1.1,DNS,84,Standard query 0xb13e AAAA opus.analytics.yahoo.com,normal
144,10.18626853,192.168.1.1,10.0.2.15,DNS,169,Standard query response 0xa438 A opus.analytics.yahoo.com CNAME cs964.wpc.9465e.mucdn.net CNAME cs964199420.wpc.mucdn.net A 152.199.40.143,normal
145,10.186268883,192.168.1.1,10.0.2.15,DNS,136,Standard query response 0x4b07 A consent.cmp.oath.com CNAME cs550162656.adn.psicdn.net A 152.195.57.116,normal
146,10.187327736,192.168.1.1,10.0.2.15,DNS,206,Standard query response 0xb13e AAAA opus.analytics.yahoo.com CNAME cs964.wpc.9465e.mucdn.net CNAME cs964199420.wpc.mucdn.net SOA ns1.mucdn.net,normal
147,10.187328035,192.168.1.1,10.0.2.15,DNS,148,Standard query response 0x020b AAAA consent.cmp.oath.com CNAME cs550162656.adn.psicdn.net AAAA 2606:2800:149:21d9:219c:1dad:21d9:24d4,normal
148,10.18789246,10.0.2.15,152.199.40.143,TCP,74,40904  >  443 [SYN] Seq=0 Win=32120 Len=0 MSS=1460 SACK_PERM TSval=1114725929 TSecr=0 WS=128,normal
149,10.18829444,10.0.2.15,152.195.57.116,TCP,74,37426  >  443 [SYN] Seq=0 Win=32120 Len=0 MSS=1460 SACK_PERM TSval=3330827837 TSecr=0 WS=128,normal
150,10.189835047,10.0.2.15,106.10.248.157,TCP,54,48204  >  443 [ACK] Seq=1206 Ack=18849 Win=31240 Len=0,normal
151,10.197356824,27.123.42.204,10.0.2.15,TCP,60,"443  >  41732 [SYN, ACK] Seq=0 Ack=1 Win=65535 Len=0 MSS=1460",normal
152,10.197416597,10.0.2.15,27.123.42.204,TCP,54,41732  >  443 [ACK] Seq=1 Ack=1 Win=32120 Len=0,normal
153,10.200036906,27.123.42.204,10.0.2.15,TCP,60,"443  >  41752 [SYN, ACK] Seq=0 Ack=1 Win=65535 Len=0 MSS=1460",normal
154,10.200037767,27.123.42.204,10.0.2.15,TCP,60,"443  >  41740 [SYN, ACK] Seq=0 Ack=1 Win=65535 Len=0 MSS=1460",normal
155,10.200089688,10.0.2.15,27.123.42.204,TCP,54,41752  >  443 [ACK] Seq=1 Ack=1 Win=32120 Len=0,normal
156,10.200168568,10.0.2.15,27.123.42.204,TCP,54,41740  >  443 [ACK] Seq=1 Ack=1 Win=32120 Len=0,normal
157,10.203356098,27.123.42.204,10.0.2.15,TCP,60,"443  >  41760 [SYN, ACK] Seq=0 Ack=1 Win=65535 Len=0 MSS=1460",normal
158,10.207482946,10.0.2.15,27.123.42.204,TCP,54,41760  >  443 [ACK] Seq=1 Ack=1 Win=32120 Len=0,normal
159,10.20773297,27.123.42.204,10.0.2.15,TLSv1.3,2698,"Application Data, Application Data",normal
160,10.207757698,10.0.2.15,27.123.42.204,TCP,54,41726  >  443 [ACK] Seq=1737 Ack=12008 Win=31064 Len=0,normal
161,10.208666224,10.0.2.15,27.123.42.204,TLSv1.3,571,Client Hello (SNI=s.yimg.com),normal
162,10.212461838,27.123.42.204,10.0.2.15,TCP,60,443  >  41732 [ACK] Seq=1 Ack=518 Win=65535 Len=0,normal
163,10.212462116,27.123.42.204,10.0.2.15,TLSv1.3,9994,"Application Data, Application Data, Application Data, Application Data, Application Data, Application Data, Application Data",normal
164,10.212518423,10.0.2.15,27.123.42.204,TCP,54,41726  >  443 [ACK] Seq=1737 Ack=21948 Win=31064 Len=0,normal
165,10.213063009,27.123.42.204,10.0.2.15,TLSv1.3,1230,Application Data,normal
166,10.215858585,152.195.57.116,10.0.2.15,TCP,60,"443  >  37426 [SYN, ACK] Seq=0 Ack=1 Win=65535 Len=0 MSS=1460",normal
167,10.21585888,152.199.40.143,10.0.2.15,TCP,60,"443  >  40904 [SYN, ACK] Seq=0 Ack=1 Win=65535 Len=0 MSS=1460",normal
168,10.215888253,10.0.2.15,152.195.57.116,TCP,54,37426  >  443 [ACK] Seq=1 Ack=1 Win=32120 Len=0,normal
169,10.215933369,10.0.2.15,152.199.40.143,TCP,54,40904  >  443 [ACK] Seq=1 Ack=1 Win=32120 Len=0,normal
170,10.223179221,10.0.2.15,27.123.42.204,TLSv1.3,571,Client Hello (SNI=s.yimg.com),normal
171,10.223966464,27.123.42.204,10.0.2.15,TCP,60,443  >  41760 [ACK] Seq=1 Ack=518 Win=65535 Len=0,normal
172,10.227172332,10.0.2.15,27.123.42.204,TLSv1.3,571,Client Hello (SNI=s.yimg.com),normal
173,10.227797064,27.123.42.204,10.0.2.15,TCP,60,443  >  41752 [ACK] Seq=1 Ack=518 Win=65535 Len=0,normal
174,10.230220057,10.0.2.15,27.123.42.204,TLSv1.3,571,Client Hello (SNI=s.yimg.com),normal
175,10.230761727,27.123.42.204,10.0.2.15,TCP,60,443  >  41740 [ACK] Seq=1 Ack=518 Win=65535 Len=0,normal
176,10.233729003,10.0.2.15,152.199.40.143,TLSv1.3,571,Client Hello (SNI=opus.analytics.yahoo.com),normal
177,10.234739435,152.199.40.143,10.0.2.15,TCP,60,443  >  40904 [ACK] Seq=1 Ack=518 Win=65535 Len=0,normal
178,10.239428286,10.0.2.15,152.195.57.116,TLSv1.3,571,Client Hello (SNI=consent.cmp.oath.com),normal
179,10.240076401,152.195.57.116,10.0.2.15,TCP,60,443  >  37426 [ACK] Seq=1 Ack=518 Win=65535 Len=0,normal
180,10.241722831,27.123.42.204,10.0.2.15,TLSv1.3,2878,"Application Data, Application Data",normal
181,10.241751302,10.0.2.15,27.123.42.204,TCP,54,41726  >  443 [ACK] Seq=1737 Ack=25948 Win=31064 Len=0,normal
182,10.244583296,27.123.42.204,10.0.2.15,TLSv1.3,2878,"Server Hello, Change Cipher Spec, Application Data",normal
183,10.244583879,27.123.42.204,10.0.2.15,TLSv1.3,2878,"Application Data, Application Data",normal
184,10.244625215,10.0.2.15,27.123.42.204,TCP,54,41732  >  443 [ACK] Seq=518 Ack=2825 Win=31240 Len=0,normal
185,10.24467354,10.0.2.15,27.123.42.204,TCP,54,41726  >  443 [ACK] Seq=1737 Ack=28772 Win=31064 Len=0,normal
186,10.24696484,27.123.42.204,10.0.2.15,TLSv1.3,2540,"Application Data, Application Data, Application Data",normal
187,10.246991878,10.0.2.15,27.123.42.204,TCP,54,41732  >  443 [ACK] Seq=518 Ack=5311 Win=31240 Len=0,normal
188,10.248173243,27.123.42.204,10.0.2.15,TLSv1.3,2878,"Application Data, Application Data",normal
189,10.248209293,10.0.2.15,27.123.42.204,TCP,54,41726  >  443 [ACK] Seq=1737 Ack=31596 Win=31064 Len=0,normal
190,10.257378695,10.0.2.15,27.123.42.204,TLSv1.3,118,"Change Cipher Spec, Application Data",normal
191,10.258161206,27.123.42.204,10.0.2.15,TCP,60,443  >  41732 [ACK] Seq=5311 Ack=582 Win=65535 Len=0,normal
192,10.25837942,10.0.2.15,27.123.42.204,TLSv1.3,241,Application Data,normal
193,10.258878021,27.123.42.204,10.0.2.15,TLSv1.3,11350,"Application Data, Application Data, Application Data, Application Data, Application Data, Application Data, Application Data, Application Data, Application Data",normal
194,10.258891414,10.0.2.15,27.123.42.204,TCP,54,41726  >  443 [ACK] Seq=1737 Ack=42892 Win=31064 Len=0,normal
195,10.259344667,27.123.42.204,10.0.2.15,TCP,60,443  >  41732 [ACK] Seq=5311 Ack=769 Win=65535 Len=0,normal
196,10.263772432,27.123.42.204,10.0.2.15,TLSv1.3,8526,"Application Data, Application Data, Application Data, Application Data, Application Data, Application Data",normal
197,10.263772738,27.123.42.204,10.0.2.15,TLSv1.3,2894,"Server Hello, Change Cipher Spec, Application Data",normal
198,10.263826708,10.0.2.15,27.123.42.204,TCP,54,41726  >  443 [ACK] Seq=1737 Ack=51364 Win=48280 Len=0,normal
199,10.263897924,10.0.2.15,27.123.42.204,TCP,54,41760  >  443 [ACK] Seq=518 Ack=2841 Win=31240 Len=0,normal
200,10.264283259,27.123.42.204,10.0.2.15,TLSv1.3,2525,"Application Data, Application Data, Application Data",normal
201,10.264298663,10.0.2.15,27.123.42.204,TCP,54,41760  >  443 [ACK] Seq=518 Ack=5312 Win=31240 Len=0,normal
202,10.26623106,152.199.40.143,10.0.2.15,TLSv1.3,2894,"Server Hello, Change Cipher Spec, Application Data",normal
203,10.26625267,10.0.2.15,152.199.40.143,TCP,54,40904  >  443 [ACK] Seq=518 Ack=2841 Win=31240 Len=0,normal
204,10.266552619,27.123.42.204,10.0.2.15,TLSv1.3,2894,"Server Hello, Change Cipher Spec, Application Data",normal
205,10.266571948,10.0.2.15,27.123.42.204,TCP,54,41752  >  443 [ACK] Seq=518 Ack=2841 Win=31240 Len=0,normal
206,10.267096498,152.199.40.143,10.0.2.15,TLSv1.3,1289,"Application Data, Application Data, Application Data",normal
207,10.267096927,27.123.42.204,10.0.2.15,TLSv1.3,2524,"Application Data, Application Data, Application Data",normal
208,10.267124411,10.0.2.15,152.199.40.143,TCP,54,40904  >  443 [ACK] Seq=518 Ack=4076 Win=31240 Len=0,normal
209,10.267178234,10.0.2.15,27.123.42.204,TCP,54,41752  >  443 [ACK] Seq=518 Ack=5311 Win=31240 Len=0,normal
210,10.268128394,152.195.57.116,10.0.2.15,TLSv1.3,1466,"Server Hello, Change Cipher Spec, Application Data",normal
211,10.268150102,10.0.2.15,152.195.57.116,TCP,54,37426  >  443 [ACK] Seq=518 Ack=1413 Win=31064 Len=0,normal
212,10.274721646,152.195.57.116,10.0.2.15,TLSv1.3,2878,"Application Data, Application Data, Application Data",normal
213,10.274745732,10.0.2.15,152.195.57.116,TCP,54,37426  >  443 [ACK] Seq=518 Ack=4237 Win=31064 Len=0,normal
214,10.277559193,27.123.42.204,10.0.2.15,TLSv1.3,2894,"Server Hello, Change Cipher Spec, Application Data",normal
215,10.277597867,10.0.2.15,27.123.42.204,TCP,54,41740  >  443 [ACK] Seq=518 Ack=2841 Win=31240 Len=0,normal
216,10.278017676,27.123.42.204,10.0.2.15,TLSv1.3,2524,"Application Data, Application Data, Application Data",normal
217,10.278033558,10.0.2.15,27.123.42.204,TCP,54,41740  >  443 [ACK] Seq=518 Ack=5311 Win=31240 Len=0,normal
218,10.283070089,27.123.42.204,10.0.2.15,TLSv1.3,9938,"Application Data, Application Data, Application Data, Application Data, Application Data, Application Data, Application Data, Application Data",normal
219,10.28310313,10.0.2.15,27.123.42.204,TCP,54,41726  >  443 [ACK] Seq=1737 Ack=61248 Win=65535 Len=0,normal
220,10.307514697,27.123.42.204,10.0.2.15,TLSv1.3,2878,"Application Data, Application Data",normal
221,10.307548261,10.0.2.15,27.123.42.204,TCP,54,41726  >  443 [ACK] Seq=1737 Ack=64072 Win=65535 Len=0,normal
222,10.316653665,27.123.42.204,10.0.2.15,TLSv1.3,8526,"Application Data, Application Data, Application Data, Application Data, Application Data, Application Data",normal
223,10.316691632,10.0.2.15,27.123.42.204,TCP,54,41726  >  443 [ACK] Seq=1737 Ack=72544 Win=65535 Len=0,normal
224,10.331263084,27.123.42.204,10.0.2.15,TLSv1.3,12762,"Application Data, Application Data, Application Data, Application Data, Application Data, Application Data, Application Data, Application Data, Application Data, Application Data",normal
225,10.331302071,10.0.2.15,27.123.42.204,TCP,54,41726  >  443 [ACK] Seq=1737 Ack=85252 Win=65535 Len=0,normal
226,10.338537918,27.123.42.204,10.0.2.15,TLSv1.3,18410,"Application Data, Application Data, Application Data, Application Data, Application Data, Application Data, Application Data, Application Data, Application Data, Application Data, Application Data, Application Data, Application Data, Application Data",normal
227,10.338568638,10.0.2.15,27.123.42.204,TCP,54,41726  >  443 [ACK] Seq=1737 Ack=103608 Win=65535 Len=0,normal
228,10.340248671,27.123.42.204,10.0.2.15,TLSv1.3,2878,"Application Data, Application Data",normal
229,10.340284335,10.0.2.15,27.123.42.204,TCP,54,41726  >  443 [ACK] Seq=1737 Ack=106432 Win=65535 Len=0,normal
230,10.341564638,27.123.42.204,10.0.2.15,TLSv1.3,708,"Application Data, Application Data, Application Data, Application Data",normal
231,10.341564987,27.123.42.204,10.0.2.15,TCP,60,"443  >  41732 [FIN, ACK] Seq=5965 Ack=769 Win=65535 Len=0",normal
232,10.341565107,27.123.42.204,10.0.2.15,TLSv1.3,4290,"Application Data, Application Data, Application Data",normal
233,10.341605643,10.0.2.15,27.123.42.204,TCP,54,41726  >  443 [ACK] Seq=1737 Ack=110668 Win=65535 Len=0,normal
234,10.358657116,27.123.42.204,10.0.2.15,TLSv1.3,8526,"Application Data, Application Data, Application Data, Application Data, Application Data, Application Data, Application Data",normal
235,10.358689773,10.0.2.15,27.123.42.204,TCP,54,41726  >  443 [ACK] Seq=1737 Ack=119140 Win=65535 Len=0,normal
236,10.362418776,27.123.42.204,10.0.2.15,TLSv1.3,1466,Application Data,normal
237,10.363913546,27.123.42.204,10.0.2.15,TLSv1.3,14254,"Application Data, Application Data, Application Data, Application Data, Application Data, Application Data, Application Data, Application Data, Application Data, Application Data",normal
238,10.363946404,10.0.2.15,27.123.42.204,TCP,54,41726  >  443 [ACK] Seq=1737 Ack=134752 Win=65535 Len=0,normal
239,10.364381774,27.123.42.204,10.0.2.15,TLSv1.3,2798,"Application Data, Application Data",normal
240,10.364403423,10.0.2.15,27.123.42.204,TCP,54,41726  >  443 [ACK] Seq=1737 Ack=137496 Win=65535 Len=0,normal
241,10.372554749,27.123.42.204,10.0.2.15,TLSv1.3,12762,"Application Data, Application Data, Application Data, Application Data, Application Data, Application Data, Application Data, Application Data, Application Data, Application Data",normal
242,10.37259315,10.0.2.15,27.123.42.204,TCP,54,41726  >  443 [ACK] Seq=1737 Ack=150204 Win=65535 Len=0,normal
243,10.382159355,10.0.2.15,27.123.42.204,TLSv1.3,78,Application Data,normal
244,10.382402158,10.0.2.15,27.123.42.204,TCP,54,"41732  >  443 [FIN, ACK] Seq=793 Ack=5966 Win=31240 Len=0",normal
245,10.383391232,27.123.42.204,10.0.2.15,TCP,60,443  >  41732 [ACK] Seq=5966 Ack=793 Win=65535 Len=0,normal
246,10.383392131,27.123.42.204,10.0.2.15,TCP,60,443  >  41732 [ACK] Seq=5966 Ack=794 Win=65535 Len=0,normal
247,10.393527764,10.0.2.15,27.123.42.204,TLSv1.3,118,"Change Cipher Spec, Application Data",normal
248,10.394448171,27.123.42.204,10.0.2.15,TCP,60,443  >  41760 [ACK] Seq=5312 Ack=582 Win=65535 Len=0,normal
249,10.400276799,10.0.2.15,27.123.42.204,TLSv1.3,118,"Change Cipher Spec, Application Data",normal
250,10.401526272,27.123.42.204,10.0.2.15,TCP,60,443  >  41752 [ACK] Seq=5311 Ack=582 Win=65535 Len=0,normal
251,10.402833417,10.0.2.15,27.123.42.204,TLSv1.3,118,"Change Cipher Spec, Application Data",normal
252,10.403497653,10.0.2.15,152.199.40.143,TLSv1.3,134,"Change Cipher Spec, Application Data",normal
253,10.40390223,27.123.42.204,10.0.2.15,TCP,60,443  >  41740 [ACK] Seq=5311 Ack=582 Win=65535 Len=0,normal
254,10.403974424,10.0.2.15,27.123.42.204,TLSv1.3,241,Application Data,normal
255,10.404040843,152.199.40.143,10.0.2.15,TCP,60,443  >  40904 [ACK] Seq=4076 Ack=598 Win=65535 Len=0,normal
256,10.404403074,10.0.2.15,152.195.57.116,TLSv1.3,134,"Change Cipher Spec, Application Data",normal
257,10.405023213,27.123.42.204,10.0.2.15,TCP,60,443  >  41760 [ACK] Seq=5312 Ack=769 Win=65535 Len=0,normal
258,10.405023505,152.195.57.116,10.0.2.15,TCP,60,443  >  37426 [ACK] Seq=4237 Ack=598 Win=65535 Len=0,normal
259,10.407996863,10.0.2.15,27.123.42.204,TLSv1.3,241,Application Data,normal
260,10.408150815,10.0.2.15,27.123.42.204,TLSv1.3,241,Application Data,normal
261,10.408388206,10.0.2.15,152.199.40.143,TLSv1.3,224,Application Data,normal
262,10.408489119,10.0.2.15,152.199.40.143,TLSv1.3,336,Application Data,normal
263,10.408664606,27.123.42.204,10.0.2.15,TCP,60,443  >  41752 [ACK] Seq=5311 Ack=769 Win=65535 Len=0,normal
264,10.408665146,27.123.42.204,10.0.2.15,TCP,60,443  >  41740 [ACK] Seq=5311 Ack=769 Win=65535 Len=0,normal
265,10.408665226,152.199.40.143,10.0.2.15,TCP,60,443  >  40904 [ACK] Seq=4076 Ack=768 Win=65535 Len=0,normal
266,10.408771307,152.199.40.143,10.0.2.15,TCP,60,443  >  40904 [ACK] Seq=4076 Ack=1050 Win=65535 Len=0,normal
267,10.410745944,27.123.42.204,10.0.2.15,TLSv1.3,4290,"Application Data, Application Data, Application Data",normal
268,10.410780046,10.0.2.15,27.123.42.204,TCP,54,41726  >  443 [ACK] Seq=1737 Ack=154440 Win=65535 Len=0,normal
269,10.423258192,10.0.2.15,152.195.57.116,TLSv1.3,224,Application Data,normal
270,10.423432456,10.0.2.15,152.195.57.116,TLSv1.3,331,Application Data,normal
271,10.424100794,152.195.57.116,10.0.2.15,TCP,60,443  >  37426 [ACK] Seq=4237 Ack=768 Win=65535 Len=0,normal
272,10.424101177,152.195.57.116,10.0.2.15,TCP,60,443  >  37426 [ACK] Seq=4237 Ack=1045 Win=65535 Len=0,normal
273,10.430452714,27.123.42.204,10.0.2.15,TLSv1.3,16998,"Application Data, Application Data, Application Data, Application Data, Application Data, Application Data, Application Data, Application Data, Application Data, Application Data, Application Data, Application Data, Application Data",normal
274,10.430505849,10.0.2.15,27.123.42.204,TCP,54,41726  >  443 [ACK] Seq=1737 Ack=171384 Win=65535 Len=0,normal
275,10.448861104,27.123.42.204,10.0.2.15,TLSv1.3,21354,"Application Data, Application Data, Application Data, Application Data, Application Data, Application Data, Application Data, Application Data, Application Data, Application Data, Application Data, Application Data, Application Data, Application Data, Application Data, Application Data, Application Data",normal
276,10.448918724,10.0.2.15,27.123.42.204,TCP,54,41726  >  443 [ACK] Seq=1737 Ack=192684 Win=65535 Len=0,normal
277,10.449400437,27.123.42.204,10.0.2.15,TLSv1.3,8406,"Application Data, Application Data, Application Data, Application Data, Application Data, Application Data",normal
278,10.449430397,10.0.2.15,27.123.42.204,TCP,54,41726  >  443 [ACK] Seq=1737 Ack=201036 Win=65535 Len=0,normal
279,10.45165295,27.123.42.204,10.0.2.15,TLSv1.3,14174,"Application Data, Application Data, Application Data, Application Data, Application Data, Application Data, Application Data, Application Data, Application Data, Application Data, Application Data",normal
280,10.451693121,10.0.2.15,27.123.42.204,TCP,54,41726  >  443 [ACK] Seq=1737 Ack=215156 Win=65535 Len=0,normal
281,10.477575587,152.195.57.116,10.0.2.15,TLSv1.3,564,"Application Data, Application Data",normal
282,10.477576099,152.199.40.143,10.0.2.15,TLSv1.3,672,"Application Data, Application Data, Application Data, Application Data",normal
283,10.47761937,10.0.2.15,152.195.57.116,TCP,54,37426  >  443 [ACK] Seq=1045 Ack=4747 Win=31064 Len=0,normal
284,10.477701203,10.0.2.15,152.199.40.143,TCP,54,40904  >  443 [ACK] Seq=1050 Ack=4694 Win=31240 Len=0,normal
285,10.479110468,152.195.57.116,10.0.2.15,TLSv1.3,193,"Application Data, Application Data, Application Data",normal
286,10.479110815,152.199.40.143,10.0.2.15,TLSv1.3,85,Application Data,normal
287,10.479134661,10.0.2.15,152.195.57.116,TCP,54,37426  >  443 [ACK] Seq=1045 Ack=4886 Win=31064 Len=0,normal
288,10.47918111,10.0.2.15,152.199.40.143,TCP,54,40904  >  443 [ACK] Seq=1050 Ack=4725 Win=31240 Len=0,normal
289,10.479635367,10.0.2.15,152.195.57.116,TLSv1.3,85,Application Data,normal
290,10.480910264,152.195.57.116,10.0.2.15,TCP,60,443  >  37426 [ACK] Seq=4886 Ack=1076 Win=65535 Len=0,normal
291,10.481025693,10.0.2.15,152.199.40.143,TLSv1.3,85,Application Data,normal
292,10.48366128,152.199.40.143,10.0.2.15,TCP,60,443  >  40904 [ACK] Seq=4725 Ack=1081 Win=65535 Len=0,normal
293,10.483661832,152.195.57.116,10.0.2.15,TLSv1.3,8574,"Application Data, Application Data",normal
294,10.48372108,10.0.2.15,152.195.57.116,TCP,54,37426  >  443 [ACK] Seq=1076 Ack=13406 Win=31064 Len=0,normal
295,10.485494763,152.195.57.116,10.0.2.15,TCP,2830,"443  >  37426 [PSH, ACK] Seq=13406 Ack=1076 Win=65535 Len=2776 [TCP segment of a reassembled PDU]",normal
296,10.485532567,10.0.2.15,152.195.57.116,TCP,54,37426  >  443 [ACK] Seq=1076 Ack=16182 Win=31064 Len=0,normal
297,10.494677889,152.195.57.116,10.0.2.15,TCP,1466,"443  >  37426 [PSH, ACK] Seq=16182 Ack=1076 Win=65535 Len=1412 [TCP segment of a reassembled PDU]",normal
298,10.501348726,152.195.57.116,10.0.2.15,TLSv1.3,9994,"Application Data, Application Data, Application Data",normal
299,10.501405078,10.0.2.15,152.195.57.116,TCP,54,37426  >  443 [ACK] Seq=1076 Ack=27534 Win=31064 Len=0,normal
300,10.502907387,152.195.57.116,10.0.2.15,TCP,4234,"443  >  37426 [PSH, ACK] Seq=27534 Ack=1076 Win=65535 Len=4180 [TCP segment of a reassembled PDU]",normal
301,10.502939143,10.0.2.15,152.195.57.116,TCP,54,37426  >  443 [ACK] Seq=1076 Ack=31714 Win=31064 Len=0,normal
302,10.505324423,152.195.57.116,10.0.2.15,TLSv1.3,8342,"Application Data, Application Data, Application Data, Application Data",normal
303,10.505324879,152.199.40.143,10.0.2.15,TLSv1.3,1466,"Application Data, Application Data",normal
304,10.505353774,10.0.2.15,152.195.57.116,TCP,54,37426  >  443 [ACK] Seq=1076 Ack=40002 Win=31064 Len=0,normal
305,10.513248572,152.199.40.143,10.0.2.15,TLSv1.3,1992,Application Data,normal
306,10.513248824,27.123.42.204,10.0.2.15,TLSv1.3,628,"Application Data, Application Data",normal
307,10.513248907,27.123.42.204,10.0.2.15,TLSv1.3,12834,"Application Data, Application Data, Application Data, Application Data, Application Data, Application Data, Application Data, Application Data, Application Data, Application Data",normal
308,10.513289777,10.0.2.15,152.199.40.143,TCP,54,40904  >  443 [ACK] Seq=1081 Ack=8075 Win=31240 Len=0,normal
309,10.513362933,10.0.2.15,27.123.42.204,TCP,54,41740  >  443 [ACK] Seq=769 Ack=5885 Win=31240 Len=0,normal
310,10.513422246,10.0.2.15,27.123.42.204,TCP,54,41726  >  443 [ACK] Seq=1737 Ack=227936 Win=65535 Len=0,normal
311,10.513859616,27.123.42.204,10.0.2.15,TLSv1.3,5723,"Application Data, Application Data, Application Data, Application Data, Application Data",normal
312,10.513874819,10.0.2.15,27.123.42.204,TCP,54,41726  >  443 [ACK] Seq=1737 Ack=233605 Win=65535 Len=0,normal
313,10.514780215,27.123.42.204,10.0.2.15,TLSv1.3,652,"Application Data, Application Data, Application Data",normal
314,10.514780493,27.123.42.204,10.0.2.15,TCP,60,"443  >  41760 [FIN, ACK] Seq=5910 Ack=769 Win=65535 Len=0",normal
315,10.514780569,27.123.42.204,10.0.2.15,TLSv1.3,652,"Application Data, Application Data, Application Data",normal
316,10.514780694,27.123.42.204,10.0.2.15,TCP,60,"443  >  41752 [FIN, ACK] Seq=5909 Ack=769 Win=65535 Len=0",normal
317,10.514780754,27.123.42.204,10.0.2.15,TLSv1.3,134,"Application Data, Application Data",normal
318,10.514780824,27.123.42.204,10.0.2.15,TCP,60,"443  >  41740 [FIN, ACK] Seq=5965 Ack=769 Win=65535 Len=0",normal
319,10.514799568,10.0.2.15,27.123.42.204,TCP,54,41760  >  443 [ACK] Seq=769 Ack=5910 Win=31240 Len=0,normal
320,10.51484616,10.0.2.15,27.123.42.204,TCP,54,41752  >  443 [ACK] Seq=769 Ack=5909 Win=31240 Len=0,normal
321,10.514884699,10.0.2.15,27.123.42.204,TCP,54,41740  >  443 [ACK] Seq=769 Ack=5965 Win=31240 Len=0,normal
322,10.557729095,10.0.2.15,27.123.42.204,TCP,54,41740  >  443 [ACK] Seq=769 Ack=5966 Win=31240 Len=0,normal
323,10.557873653,10.0.2.15,27.123.42.204,TCP,54,41752  >  443 [ACK] Seq=769 Ack=5910 Win=31240 Len=0,normal
324,10.557919369,10.0.2.15,27.123.42.204,TCP,54,41760  >  443 [ACK] Seq=769 Ack=5911 Win=31240 Len=0,normal
325,10.581757997,10.0.2.15,27.123.42.204,TLSv1.3,78,Application Data,normal
326,10.582870616,27.123.42.204,10.0.2.15,TCP,60,443  >  41740 [ACK] Seq=5966 Ack=793 Win=65535 Len=0,normal
327,10.615293685,10.0.2.15,27.123.42.204,TLSv1.3,78,Application Data,normal
328,10.616739275,27.123.42.204,10.0.2.15,TCP,60,443  >  41752 [ACK] Seq=5910 Ack=793 Win=65535 Len=0,normal
329,10.61758293,10.0.2.15,27.123.42.204,TLSv1.3,78,Application Data,normal
330,10.617796618,10.0.2.15,23.48.226.59,TCP,54,[TCP Dup ACK 5#1] 53346  >  443 [ACK] Seq=1 Ack=1 Win=31240 Len=0,normal
331,10.617920625,27.123.42.204,10.0.2.15,TCP,60,"443  >  41740 [RST, ACK] Seq=5966 Ack=793 Win=65535 Len=0",normal
332,10.618438929,27.123.42.204,10.0.2.15,TCP,60,443  >  41760 [ACK] Seq=5911 Ack=793 Win=65535 Len=0,normal
333,10.618439346,23.48.226.59,10.0.2.15,TCP,60,[TCP Dup ACK 6#1] 443  >  53346 [ACK] Seq=1 Ack=2 Win=65535 Len=0,normal
334,10.651700006,27.123.42.204,10.0.2.15,TCP,60,"443  >  41752 [RST, ACK] Seq=5910 Ack=793 Win=65535 Len=0",normal
335,10.653748845,27.123.42.204,10.0.2.15,TCP,60,"443  >  41760 [RST, ACK] Seq=5911 Ack=793 Win=65535 Len=0",normal
336,10.879674877,10.0.2.15,27.123.42.204,TLSv1.3,216,Application Data,normal
337,10.880447341,27.123.42.204,10.0.2.15,TCP,60,443  >  41726 [ACK] Seq=233605 Ack=1899 Win=65535 Len=0,normal
338,10.892262576,10.0.2.15,27.123.42.204,TLSv1.3,265,Application Data,normal
339,10.893133189,27.123.42.204,10.0.2.15,TCP,60,443  >  41726 [ACK] Seq=233605 Ack=2110 Win=65535 Len=0,normal
340,10.914178835,27.123.42.204,10.0.2.15,TLSv1.3,990,Application Data,normal
341,10.919283689,10.0.2.15,27.123.42.204,TLSv1.3,157,Application Data,normal
342,10.920012323,27.123.42.204,10.0.2.15,TCP,60,443  >  41726 [ACK] Seq=234541 Ack=2213 Win=65535 Len=0,normal
343,10.926781265,27.123.42.204,10.0.2.15,TLSv1.3,1376,Application Data,normal
344,10.932270163,27.123.42.204,10.0.2.15,TLSv1.3,11080,"Application Data, Application Data, Application Data, Application Data, Application Data, Application Data, Application Data, Application Data",normal
345,10.932318919,10.0.2.15,27.123.42.204,TCP,54,41726  >  443 [ACK] Seq=2213 Ack=246889 Win=65535 Len=0,normal
346,10.939450597,27.123.42.204,10.0.2.15,TLSv1.3,1466,Application Data,normal
347,10.948191735,27.123.42.204,10.0.2.15,TLSv1.3,5702,"Application Data, Application Data, Application Data, Application Data",normal
348,10.948247115,10.0.2.15,27.123.42.204,TCP,54,41726  >  443 [ACK] Seq=2213 Ack=253949 Win=65535 Len=0,normal
349,10.953499979,27.123.42.204,10.0.2.15,TLSv1.3,10469,"Application Data, Application Data, Application Data, Application Data, Application Data, Application Data, Application Data, Application Data, Application Data",normal
350,10.953541035,10.0.2.15,27.123.42.204,TCP,54,41726  >  443 [ACK] Seq=2213 Ack=264364 Win=65535 Len=0,normal
351,10.960176672,10.0.2.15,27.123.42.204,TLSv1.3,155,Application Data,normal
352,10.960913572,27.123.42.204,10.0.2.15,TCP,60,443  >  41726 [ACK] Seq=264364 Ack=2314 Win=65535 Len=0,normal
353,10.96342633,27.123.42.204,10.0.2.15,TLSv1.3,12402,"Application Data, Application Data, Application Data, Application Data, Application Data, Application Data, Application Data, Application Data, Application Data, Application Data",normal
354,10.963463528,10.0.2.15,27.123.42.204,TCP,54,41726  >  443 [ACK] Seq=2314 Ack=276712 Win=65535 Len=0,normal
355,10.97235189,27.123.42.204,10.0.2.15,TLSv1.3,7114,"Application Data, Application Data, Application Data, Application Data, Application Data",normal
356,10.9723525,27.123.42.204,10.0.2.15,TLSv1.3,10559,"Application Data, Application Data, Application Data, Application Data, Application Data, Application Data, Application Data, Application Data, Application Data",normal
357,10.972476494,10.0.2.15,27.123.42.204,TCP,54,41726  >  443 [ACK] Seq=2314 Ack=294277 Win=65535 Len=0,normal
358,11.001391245,27.123.42.204,10.0.2.15,TLSv1.3,2788,"Application Data, Application Data",normal
359,11.00142228,10.0.2.15,27.123.42.204,TCP,54,41726  >  443 [ACK] Seq=2314 Ack=297011 Win=65535 Len=0,normal
360,11.010023499,27.123.42.204,10.0.2.15,TLSv1.3,16548,"Application Data, Application Data, Application Data, Application Data, Application Data, Application Data, Application Data, Application Data, Application Data, Application Data, Application Data, Application Data",normal
361,11.01005679,10.0.2.15,27.123.42.204,TCP,54,41726  >  443 [ACK] Seq=2314 Ack=313505 Win=65535 Len=0,normal
362,11.01147894,27.123.42.204,10.0.2.15,TLSv1.3,10944,"Application Data, Application Data, Application Data, Application Data, Application Data, Application Data, Application Data, Application Data, Application Data",normal
363,11.011513669,10.0.2.15,27.123.42.204,TCP,54,41726  >  443 [ACK] Seq=2314 Ack=324395 Win=65535 Len=0,normal
364,11.170092853,10.0.2.15,192.168.1.1,DNS,73,Standard query 0x2dda A udc.yahoo.com,normal
365,11.170237474,10.0.2.15,192.168.1.1,DNS,73,Standard query 0x5325 AAAA udc.yahoo.com,normal
366,11.179833228,192.168.1.1,10.0.2.15,DNS,133,Standard query response 0x2dda A udc.yahoo.com CNAME udc-ats.media.g03.yahoodns.net A 106.10.247.0,normal
367,11.181088241,192.168.1.1,10.0.2.15,DNS,145,Standard query response 0x5325 AAAA udc.yahoo.com CNAME udc-ats.media.g03.yahoodns.net AAAA 2406:2000:e4:1504::6000,normal
368,11.190906501,10.0.2.15,106.10.247.0,TCP,74,41288  >  443 [SYN] Seq=0 Win=32120 Len=0 MSS=1460 SACK_PERM TSval=2481147578 TSecr=0 WS=128,normal
369,11.248192022,106.10.247.0,10.0.2.15,TCP,60,"443  >  41288 [SYN, ACK] Seq=0 Ack=1 Win=65535 Len=0 MSS=1460",normal
370,11.248235057,10.0.2.15,106.10.247.0,TCP,54,41288  >  443 [ACK] Seq=1 Ack=1 Win=32120 Len=0,normal
371,11.2527593,10.0.2.15,106.10.247.0,TLSv1.3,571,Client Hello (SNI=udc.yahoo.com),normal
372,11.253439628,106.10.247.0,10.0.2.15,TCP,60,443  >  41288 [ACK] Seq=1 Ack=518 Win=65535 Len=0,normal
373,11.309757803,106.10.247.0,10.0.2.15,TLSv1.3,2894,"Server Hello, Change Cipher Spec, Application Data",normal
374,11.309792466,10.0.2.15,106.10.247.0,TCP,54,41288  >  443 [ACK] Seq=518 Ack=2841 Win=31240 Len=0,normal
375,11.310176329,106.10.247.0,10.0.2.15,TLSv1.3,1374,"Application Data, Application Data, Application Data",normal
376,11.310191614,10.0.2.15,106.10.247.0,TCP,54,41288  >  443 [ACK] Seq=518 Ack=4161 Win=31240 Len=0,normal
377,11.430397251,10.0.2.15,106.10.247.0,TLSv1.3,118,"Change Cipher Spec, Application Data",normal
378,11.431147177,106.10.247.0,10.0.2.15,TCP,60,443  >  41288 [ACK] Seq=4161 Ack=582 Win=65535 Len=0,normal
379,11.431573219,10.0.2.15,106.10.247.0,TLSv1.3,224,Application Data,normal
380,11.431727025,10.0.2.15,106.10.247.0,TLSv1.3,496,Application Data,normal
381,11.431856096,10.0.2.15,106.10.247.0,TLSv1.3,1818,Application Data,normal
382,11.432315472,106.10.247.0,10.0.2.15,TCP,60,443  >  41288 [ACK] Seq=4161 Ack=752 Win=65535 Len=0,normal
383,11.432315776,106.10.247.0,10.0.2.15,TCP,60,443  >  41288 [ACK] Seq=4161 Ack=1194 Win=65535 Len=0,normal
384,11.432486535,106.10.247.0,10.0.2.15,TCP,60,443  >  41288 [ACK] Seq=4161 Ack=2654 Win=65535 Len=0,normal
385,11.432486813,106.10.247.0,10.0.2.15,TCP,60,443  >  41288 [ACK] Seq=4161 Ack=2958 Win=65535 Len=0,normal
386,11.485550197,106.10.247.0,10.0.2.15,TLSv1.3,341,Application Data,normal
387,11.485591839,10.0.2.15,106.10.247.0,TCP,54,41288  >  443 [ACK] Seq=2958 Ack=4448 Win=31240 Len=0,normal
388,11.487704892,106.10.247.0,10.0.2.15,TLSv1.3,415,"Application Data, Application Data, Application Data",normal
389,11.487725773,10.0.2.15,106.10.247.0,TCP,54,41288  >  443 [ACK] Seq=2958 Ack=4809 Win=31240 Len=0,normal
390,11.489575429,106.10.247.0,10.0.2.15,TLSv1.3,440,Application Data,normal
391,11.489596784,10.0.2.15,106.10.247.0,TCP,54,41288  >  443 [ACK] Seq=2958 Ack=5195 Win=31240 Len=0,normal
392,11.490127599,10.0.2.15,106.10.247.0,TLSv1.3,85,Application Data,normal
393,11.494051471,106.10.247.0,10.0.2.15,TCP,60,443  >  41288 [ACK] Seq=5195 Ack=2989 Win=65535 Len=0,normal
394,12.904735888,10.0.2.15,192.168.1.1,DNS,74,Standard query 0xd5f6 A guce.yahoo.com,normal
395,12.904874132,10.0.2.15,192.168.1.1,DNS,74,Standard query 0xe5f4 AAAA guce.yahoo.com,normal
396,12.916700532,192.168.1.1,10.0.2.15,DNS,337,Standard query response 0xd5f6 A guce.yahoo.com CNAME real.rotation.guce.aws.oath.cloud CNAME prod-rotation-v2.guce.aws.oath.cloud A 52.76.45.13 A 52.77.23.51 A 18.139.28.59 NS ns-1173.awsdns-18.org NS ns-1859.awsdns-40.co.uk NS ns-394.awsdns-49.com NS ns-877.awsdns-45.net,normal
397,12.91807714,192.168.1.1,10.0.2.15,DNS,233,Standard query response 0xe5f4 AAAA guce.yahoo.com CNAME real.rotation.guce.aws.oath.cloud CNAME prod-rotation-v2.guce.aws.oath.cloud SOA ns-877.awsdns-45.net,normal
398,12.918691201,10.0.2.15,52.76.45.13,TCP,74,35472  >  443 [SYN] Seq=0 Win=32120 Len=0 MSS=1460 SACK_PERM TSval=2252083279 TSecr=0 WS=128,normal
399,12.955698164,10.0.2.15,192.168.1.1,DNS,78,Standard query 0x869c A gpt.mail.yahoo.net,normal
400,12.955829661,10.0.2.15,192.168.1.1,DNS,78,Standard query 0x2e9e AAAA gpt.mail.yahoo.net,normal
401,12.968212365,192.168.1.1,10.0.2.15,DNS,178,Standard query response 0x869c A gpt.mail.yahoo.net CNAME edge.gycpi.b.yahoodns.net A 27.123.42.204 A 27.123.43.205 A 27.123.43.204 A 27.123.42.205,normal
402,12.969491346,192.168.1.1,10.0.2.15,DNS,226,Standard query response 0x2e9e AAAA gpt.mail.yahoo.net CNAME edge.gycpi.b.yahoodns.net AAAA 2406:8600:f040:1fa::3000 AAAA 2406:8600:f03f:1fa::2000 AAAA 2406:8600:f040:1fa::2000 AAAA 2406:8600:f03f:1fa::3000,normal
403,12.972253695,10.0.2.15,27.123.42.204,TCP,74,41764  >  443 [SYN] Seq=0 Win=32120 Len=0 MSS=1460 SACK_PERM TSval=18437758 TSecr=0 WS=128,normal
404,12.974539397,52.76.45.13,10.0.2.15,TCP,60,"443  >  35472 [SYN, ACK] Seq=0 Ack=1 Win=65535 Len=0 MSS=1460",normal
405,12.97458761,10.0.2.15,52.76.45.13,TCP,54,35472  >  443 [ACK] Seq=1 Ack=1 Win=32120 Len=0,normal
406,13.000180961,10.0.2.15,52.76.45.13,TLSv1.2,571,Client Hello (SNI=guce.yahoo.com),normal
407,13.001050071,52.76.45.13,10.0.2.15,TCP,60,443  >  35472 [ACK] Seq=1 Ack=518 Win=65535 Len=0,normal
408,13.007089505,27.123.42.204,10.0.2.15,TCP,60,"443  >  41764 [SYN, ACK] Seq=0 Ack=1 Win=65535 Len=0 MSS=1460",normal
409,13.007130732,10.0.2.15,27.123.42.204,TCP,54,41764  >  443 [ACK] Seq=1 Ack=1 Win=32120 Len=0,normal
410,13.024880269,10.0.2.15,27.123.42.204,TLSv1.3,571,Client Hello (SNI=gpt.mail.yahoo.net),normal
411,13.026666405,27.123.42.204,10.0.2.15,TCP,60,443  >  41764 [ACK] Seq=1 Ack=518 Win=65535 Len=0,normal
412,13.061968584,27.123.42.204,10.0.2.15,TLSv1.3,2878,"Server Hello, Change Cipher Spec, Application Data",normal
413,13.061968843,52.76.45.13,10.0.2.15,TCP,2894,443  >  35472 [ACK] Seq=1 Ack=518 Win=65535 Len=2840 [TCP segment of a reassembled PDU],normal
414,13.06200606,10.0.2.15,27.123.42.204,TCP,54,41764  >  443 [ACK] Seq=518 Ack=2825 Win=31240 Len=0,normal
415,13.062093059,10.0.2.15,52.76.45.13,TCP,54,35472  >  443 [ACK] Seq=518 Ack=2841 Win=31240 Len=0,normal
416,13.062513798,52.76.45.13,10.0.2.15,TLSv1.2,2167,"Server Hello, Certificate, Server Key Exchange, Server Hello Done",normal
417,13.062532105,10.0.2.15,52.76.45.13,TCP,54,35472  >  443 [ACK] Seq=518 Ack=4954 Win=31240 Len=0,normal
418,13.064508113,27.123.42.204,10.0.2.15,TCP,1326,"443  >  41764 [PSH, ACK] Seq=2825 Ack=518 Win=65535 Len=1272 [TCP segment of a reassembled PDU]",normal
419,13.064537374,10.0.2.15,27.123.42.204,TCP,54,41764  >  443 [ACK] Seq=518 Ack=4097 Win=31240 Len=0,normal
420,13.066563183,27.123.42.204,10.0.2.15,TLSv1.3,644,"Application Data, Application Data, Application Data",normal
421,13.066608371,10.0.2.15,27.123.42.204,TCP,54,41764  >  443 [ACK] Seq=518 Ack=4687 Win=31240 Len=0,normal
422,13.093180232,10.0.2.15,52.76.45.13,TLSv1.2,180,"Client Key Exchange, Change Cipher Spec, Encrypted Handshake Message",normal
423,13.094177091,52.76.45.13,10.0.2.15,TCP,60,443  >  35472 [ACK] Seq=4954 Ack=644 Win=65535 Len=0,normal
424,13.14581321,10.0.2.15,27.123.42.204,TLSv1.3,118,"Change Cipher Spec, Application Data",normal
425,13.146947845,27.123.42.204,10.0.2.15,TCP,60,443  >  41764 [ACK] Seq=4687 Ack=582 Win=65535 Len=0,normal
426,13.147843632,10.0.2.15,27.123.42.204,TLSv1.3,224,Application Data,normal
427,13.15168315,52.76.45.13,10.0.2.15,TLSv1.2,105,"Change Cipher Spec, Encrypted Handshake Message",normal
428,13.152786274,27.123.42.204,10.0.2.15,TCP,60,443  >  41764 [ACK] Seq=4687 Ack=752 Win=65535 Len=0,normal
429,13.157738899,10.0.2.15,27.123.42.204,TLSv1.3,462,Application Data,normal
430,13.159990535,27.123.42.204,10.0.2.15,TCP,60,443  >  41764 [ACK] Seq=4687 Ack=1160 Win=65535 Len=0,normal
431,13.169441311,10.0.2.15,52.76.45.13,TLSv1.2,562,Application Data,normal
432,13.171133108,52.76.45.13,10.0.2.15,TCP,60,443  >  35472 [ACK] Seq=5005 Ack=1152 Win=65535 Len=0,normal
433,13.180753356,27.123.42.204,10.0.2.15,TLSv1.3,628,"Application Data, Application Data",normal
434,13.18080288,10.0.2.15,27.123.42.204,TCP,54,41764  >  443 [ACK] Seq=1160 Ack=5261 Win=31240 Len=0,normal
435,13.182298827,27.123.42.204,10.0.2.15,TLSv1.3,110,Application Data,normal
436,13.182347132,10.0.2.15,27.123.42.204,TCP,54,41764  >  443 [ACK] Seq=1160 Ack=5317 Win=31240 Len=0,normal
437,13.183818828,10.0.2.15,27.123.42.204,TLSv1.3,85,Application Data,normal
438,13.184165642,27.123.42.204,10.0.2.15,TCP,60,443  >  41764 [ACK] Seq=5317 Ack=1191 Win=65535 Len=0,normal
439,13.189331241,27.123.42.204,10.0.2.15,TLSv1.3,85,Application Data,normal
440,13.224655019,52.76.45.13,10.0.2.15,TLSv1.2,674,Application Data,normal
441,13.229793019,10.0.2.15,27.123.42.204,TCP,54,41764  >  443 [ACK] Seq=1191 Ack=5348 Win=31240 Len=0,normal
442,13.252775185,27.123.42.204,10.0.2.15,TLSv1.3,1358,Application Data,normal
443,13.252820044,10.0.2.15,27.123.42.204,TCP,54,41764  >  443 [ACK] Seq=1191 Ack=6652 Win=31240 Len=0,normal
444,13.266817478,10.0.2.15,52.76.45.13,TCP,54,35472  >  443 [ACK] Seq=1152 Ack=5625 Win=31240 Len=0,normal
445,13.362511098,10.0.2.15,192.168.1.1,DNS,90,Standard query 0x228e A securepubads.g.doubleclick.net,normal
446,13.362661561,10.0.2.15,192.168.1.1,DNS,90,Standard query 0x9288 AAAA securepubads.g.doubleclick.net,normal
447,13.362989286,10.0.2.15,192.168.1.1,DNS,89,Standard query 0xa649 A pagead2.googlesyndication.com,normal
448,13.363087168,10.0.2.15,192.168.1.1,DNS,89,Standard query 0x5155 AAAA pagead2.googlesyndication.com,normal
449,13.373095207,192.168.1.1,10.0.2.15,DNS,106,Standard query response 0x228e A securepubads.g.doubleclick.net A 142.250.195.66,normal
450,13.374551247,192.168.1.1,10.0.2.15,DNS,118,Standard query response 0x9288 AAAA securepubads.g.doubleclick.net AAAA 2404:6800:4007:82c::2002,normal
451,13.375445088,10.0.2.15,142.250.195.66,TCP,74,41096  >  443 [SYN] Seq=0 Win=32120 Len=0 MSS=1460 SACK_PERM TSval=4006536121 TSecr=0 WS=128,normal
452,13.3778828,192.168.1.1,10.0.2.15,DNS,105,Standard query response 0xa649 A pagead2.googlesyndication.com A 142.250.67.66,normal
453,13.384031337,192.168.1.1,10.0.2.15,DNS,117,Standard query response 0x5155 AAAA pagead2.googlesyndication.com AAAA 2404:6800:4007:81e::2002,normal
454,13.386421961,10.0.2.15,142.250.67.66,TCP,74,43788  >  443 [SYN] Seq=0 Win=32120 Len=0 MSS=1460 SACK_PERM TSval=3692408854 TSecr=0 WS=128,normal
455,13.394280114,10.0.2.15,27.123.42.204,TLSv1.3,171,Application Data,normal
456,13.394693092,10.0.2.15,27.123.42.204,TLSv1.3,139,Application Data,normal
457,13.395033409,27.123.42.204,10.0.2.15,TCP,60,443  >  41726 [ACK] Seq=324395 Ack=2431 Win=65535 Len=0,normal
458,13.395033691,27.123.42.204,10.0.2.15,TCP,60,443  >  41726 [ACK] Seq=324395 Ack=2516 Win=65535 Len=0,normal
459,13.3951231,10.0.2.15,27.123.42.204,TLSv1.3,158,Application Data,normal
460,13.396278792,27.123.42.204,10.0.2.15,TCP,60,443  >  41726 [ACK] Seq=324395 Ack=2620 Win=65535 Len=0,normal
461,13.39975196,142.250.195.66,10.0.2.15,TCP,60,"443  >  41096 [SYN, ACK] Seq=0 Ack=1 Win=65535 Len=0 MSS=1460",normal
462,13.399796537,10.0.2.15,142.250.195.66,TCP,54,41096  >  443 [ACK] Seq=1 Ack=1 Win=32120 Len=0,normal
463,13.406909125,10.0.2.15,142.250.195.66,TLSv1.3,571,Client Hello (SNI=securepubads.g.doubleclick.net),normal
464,13.407678701,142.250.195.66,10.0.2.15,TCP,60,443  >  41096 [ACK] Seq=1 Ack=518 Win=65535 Len=0,normal
465,13.415327061,142.250.67.66,10.0.2.15,TCP,60,"443  >  43788 [SYN, ACK] Seq=0 Ack=1 Win=65535 Len=0 MSS=1460",normal
466,13.415391212,10.0.2.15,142.250.67.66,TCP,54,43788  >  443 [ACK] Seq=1 Ack=1 Win=32120 Len=0,normal
467,13.434176506,10.0.2.15,142.250.67.66,TLSv1.3,571,Client Hello (SNI=pagead2.googlesyndication.com),normal
468,13.435048844,142.250.67.66,10.0.2.15,TCP,60,443  >  43788 [ACK] Seq=1 Ack=518 Win=65535 Len=0,normal
469,13.438439221,27.123.42.204,10.0.2.15,TLSv1.3,13814,"Application Data, Application Data, Application Data, Application Data, Application Data, Application Data, Application Data, Application Data, Application Data, Application Data",normal
470,13.438485547,10.0.2.15,27.123.42.204,TCP,54,41726  >  443 [ACK] Seq=2620 Ack=338155 Win=65535 Len=0,normal
471,13.477463176,142.250.195.66,10.0.2.15,TLSv1.3,1466,"Server Hello, Change Cipher Spec",normal
472,13.477514792,10.0.2.15,142.250.195.66,TCP,54,41096  >  443 [ACK] Seq=518 Ack=1413 Win=31064 Len=0,normal
473,13.480707015,142.250.195.66,10.0.2.15,TLSv1.3,2987,Application Data,normal
474,13.480744274,10.0.2.15,142.250.195.66,TCP,54,41096  >  443 [ACK] Seq=518 Ack=4346 Win=31064 Len=0,normal
475,13.487031932,27.123.42.204,10.0.2.15,TLSv1.3,1466,Application Data,normal
476,13.488933751,27.123.42.204,10.0.2.15,TLSv1.3,1466,Application Data,normal
477,13.488966319,10.0.2.15,27.123.42.204,TCP,54,41726  >  443 [ACK] Seq=2620 Ack=340979 Win=65535 Len=0,normal
478,13.495402847,27.123.42.204,10.0.2.15,TLSv1.3,14982,"Application Data, Application Data, Application Data, Application Data, Application Data, Application Data, Application Data, Application Data, Application Data, Application Data, Application Data, Application Data",normal
479,13.495436249,10.0.2.15,27.123.42.204,TCP,54,41726  >  443 [ACK] Seq=2620 Ack=355907 Win=65535 Len=0,normal
480,13.507760336,142.250.67.66,10.0.2.15,TLSv1.3,2894,"Server Hello, Change Cipher Spec",normal
481,13.50778347,10.0.2.15,142.250.67.66,TCP,54,43788  >  443 [ACK] Seq=518 Ack=2841 Win=31240 Len=0,normal
482,13.508177994,142.250.67.66,10.0.2.15,TLSv1.3,1560,Application Data,normal
483,13.508195621,10.0.2.15,142.250.67.66,TCP,54,43788  >  443 [ACK] Seq=518 Ack=4347 Win=31240 Len=0,normal
484,13.630501837,10.0.2.15,142.250.195.66,TLSv1.3,118,"Change Cipher Spec, Application Data",normal
485,13.631462807,142.250.195.66,10.0.2.15,TCP,60,443  >  41096 [ACK] Seq=4346 Ack=582 Win=65535 Len=0,normal
486,13.652387661,10.0.2.15,142.250.195.66,TLSv1.3,224,Application Data,normal
487,13.653430074,142.250.195.66,10.0.2.15,TCP,60,443  >  41096 [ACK] Seq=4346 Ack=752 Win=65535 Len=0,normal
488,13.659382735,142.250.195.66,10.0.2.15,TLSv1.3,668,"Application Data, Application Data",normal
489,13.659411815,10.0.2.15,142.250.195.66,TCP,54,41096  >  443 [ACK] Seq=752 Ack=4960 Win=31064 Len=0,normal
490,13.671066231,10.0.2.15,142.250.195.66,TLSv1.3,85,Application Data,normal
491,13.673558401,142.250.195.66,10.0.2.15,TCP,60,443  >  41096 [ACK] Seq=4960 Ack=783 Win=65535 Len=0,normal
492,13.677939824,142.250.195.66,10.0.2.15,TLSv1.3,85,Application Data,normal
493,13.690000731,10.0.2.15,142.250.67.66,TLSv1.3,118,"Change Cipher Spec, Application Data",normal
494,13.690831052,142.250.67.66,10.0.2.15,TCP,60,443  >  43788 [ACK] Seq=4347 Ack=582 Win=65535 Len=0,normal
495,13.69600053,10.0.2.15,142.250.67.66,TLSv1.3,224,Application Data,normal
496,13.696902437,142.250.67.66,10.0.2.15,TCP,60,443  >  43788 [ACK] Seq=4347 Ack=752 Win=65535 Len=0,normal
497,13.717034291,142.250.67.66,10.0.2.15,TLSv1.3,668,"Application Data, Application Data",normal
498,13.717125771,10.0.2.15,142.250.67.66,TCP,54,43788  >  443 [ACK] Seq=752 Ack=4961 Win=31240 Len=0,normal
499,13.721667381,10.0.2.15,142.250.195.66,TCP,54,41096  >  443 [ACK] Seq=783 Ack=4991 Win=31064 Len=0,normal
500,13.724230856,10.0.2.15,142.250.67.66,TLSv1.3,85,Application Data,normal
501,13.72523938,142.250.67.66,10.0.2.15,TCP,60,443  >  43788 [ACK] Seq=4961 Ack=783 Win=65535 Len=0,normal
502,13.7260618,142.250.67.66,10.0.2.15,TLSv1.3,85,Application Data,normal
503,13.735877069,10.0.2.15,192.168.1.1,DNS,76,Standard query 0xdc38 A cadmus.script.ac,normal
504,13.735979131,10.0.2.15,192.168.1.1,DNS,76,Standard query 0x1435 AAAA cadmus.script.ac,normal
505,13.746009252,192.168.1.1,10.0.2.15,DNS,108,Standard query response 0xdc38 A cadmus.script.ac A 104.18.23.145 A 104.18.22.145,normal
506,13.747215592,192.168.1.1,10.0.2.15,DNS,104,Standard query response 0x1435 AAAA cadmus.script.ac AAAA 2606:4700:83b0:1841:333b:31:2aa8:7e24,normal
507,13.769666033,10.0.2.15,142.250.67.66,TCP,54,43788  >  443 [ACK] Seq=783 Ack=4992 Win=31240 Len=0,normal
508,13.779244866,10.0.2.15,104.18.23.145,TCP,74,56812  >  443 [SYN] Seq=0 Win=32120 Len=0 MSS=1460 SACK_PERM TSval=183777045 TSecr=0 WS=128,normal
509,13.799176803,10.0.2.15,192.168.1.1,DNS,73,Standard query 0x2b83 A noa.yahoo.com,normal
510,13.79930064,10.0.2.15,192.168.1.1,DNS,73,Standard query 0x8f80 AAAA noa.yahoo.com,normal
511,13.805507415,104.18.23.145,10.0.2.15,TCP,60,"443  >  56812 [SYN, ACK] Seq=0 Ack=1 Win=65535 Len=0 MSS=1460",normal
512,13.805571437,10.0.2.15,104.18.23.145,TCP,54,56812  >  443 [ACK] Seq=1 Ack=1 Win=32120 Len=0,normal
513,13.814563326,192.168.1.1,10.0.2.15,DNS,135,Standard query response 0x2b83 A noa.yahoo.com CNAME noa-atsv2.media.g03.yahoodns.net A 106.10.218.155,normal
514,13.814563763,192.168.1.1,10.0.2.15,DNS,147,Standard query response 0x8f80 AAAA noa.yahoo.com CNAME noa-atsv2.media.g03.yahoodns.net AAAA 2406:2000:e4:1504::6000,normal
515,13.842441985,10.0.2.15,104.18.23.145,TLSv1.3,571,Client Hello (SNI=cadmus.script.ac),normal
516,13.843130936,104.18.23.145,10.0.2.15,TCP,60,443  >  56812 [ACK] Seq=1 Ack=518 Win=65535 Len=0,normal
517,13.846541592,10.0.2.15,27.123.42.204,TLSv1.3,138,Application Data,normal
518,13.847306913,27.123.42.204,10.0.2.15,TCP,60,443  >  41726 [ACK] Seq=355907 Ack=2704 Win=65535 Len=0,normal
519,13.852485431,10.0.2.15,27.123.42.204,TLSv1.3,180,Application Data,normal
520,13.853357104,27.123.42.204,10.0.2.15,TCP,60,443  >  41726 [ACK] Seq=355907 Ack=2830 Win=65535 Len=0,normal
521,13.853708322,10.0.2.15,152.199.40.143,TLSv1.3,163,Application Data,normal
522,13.854378756,10.0.2.15,142.250.193.162,TLSv1.2,93,Application Data,normal
523,13.854726288,152.199.40.143,10.0.2.15,TCP,60,443  >  40904 [ACK] Seq=8075 Ack=1190 Win=65535 Len=0,normal
524,13.854726736,142.250.193.162,10.0.2.15,TCP,60,443  >  39082 [ACK] Seq=1 Ack=40 Win=65535 Len=0,normal
525,13.859935718,10.0.2.15,106.10.218.155,TCP,74,36838  >  443 [SYN] Seq=0 Win=32120 Len=0 MSS=1460 SACK_PERM TSval=2552989297 TSecr=0 WS=128,normal
526,13.860207395,10.0.2.15,142.250.193.162,TLSv1.2,78,Application Data,normal
527,13.860305441,10.0.2.15,142.250.193.162,TCP,54,"39082  >  443 [FIN, ACK] Seq=64 Ack=1 Win=31488 Len=0",normal
528,13.860816033,142.250.193.162,10.0.2.15,TCP,60,443  >  39082 [ACK] Seq=1 Ack=64 Win=65535 Len=0,normal
529,13.860816405,142.250.193.162,10.0.2.15,TCP,60,443  >  39082 [ACK] Seq=1 Ack=65 Win=65535 Len=0,normal
530,13.861133134,10.0.2.15,106.10.218.155,TCP,74,36848  >  443 [SYN] Seq=0 Win=32120 Len=0 MSS=1460 SACK_PERM TSval=2552989298 TSecr=0 WS=128,normal
531,13.868796576,104.18.23.145,10.0.2.15,TLSv1.3,2878,"Server Hello, Change Cipher Spec",normal
532,13.868841832,10.0.2.15,104.18.23.145,TCP,54,56812  >  443 [ACK] Seq=518 Ack=2825 Win=31240 Len=0,normal
533,13.879474192,104.18.23.145,10.0.2.15,TLSv1.3,1294,Application Data,normal
534,13.879499934,10.0.2.15,104.18.23.145,TCP,54,56812  >  443 [ACK] Seq=518 Ack=4065 Win=31240 Len=0,normal
535,13.882910477,152.199.40.143,10.0.2.15,TLSv1.3,3137,"Application Data, Application Data, Application Data",normal
536,13.882911292,142.250.193.162,10.0.2.15,TCP,60,"443  >  39082 [FIN, ACK] Seq=1 Ack=65 Win=65535 Len=0",normal
537,13.882949227,10.0.2.15,152.199.40.143,TCP,54,40904  >  443 [ACK] Seq=1190 Ack=11158 Win=31240 Len=0,normal
538,13.883166296,10.0.2.15,142.250.193.162,TCP,54,39082  >  443 [ACK] Seq=65 Ack=2 Win=31488 Len=0,normal
539,13.890024196,27.123.42.204,10.0.2.15,TLSv1.3,8166,"Application Data, Application Data, Application Data, Application Data, Application Data, Application Data",normal
540,13.890064083,10.0.2.15,27.123.42.204,TCP,54,41726  >  443 [ACK] Seq=2830 Ack=364019 Win=65535 Len=0,normal
541,13.893149231,27.123.42.204,10.0.2.15,TLSv1.3,1466,Application Data,normal
542,13.894136109,27.123.42.204,10.0.2.15,TLSv1.3,12762,"Application Data, Application Data, Application Data, Application Data, Application Data, Application Data, Application Data, Application Data, Application Data",normal
543,13.894166203,10.0.2.15,27.123.42.204,TCP,54,41726  >  443 [ACK] Seq=2830 Ack=378139 Win=65535 Len=0,normal
544,13.914145686,106.10.218.155,10.0.2.15,TCP,60,"443  >  36838 [SYN, ACK] Seq=0 Ack=1 Win=65535 Len=0 MSS=1460",normal
545,13.914179874,10.0.2.15,106.10.218.155,TCP,54,36838  >  443 [ACK] Seq=1 Ack=1 Win=32120 Len=0,normal
546,13.921199125,106.10.218.155,10.0.2.15,TCP,60,"443  >  36848 [SYN, ACK] Seq=0 Ack=1 Win=65535 Len=0 MSS=1460",normal
547,13.92123911,10.0.2.15,106.10.218.155,TCP,54,36848  >  443 [ACK] Seq=1 Ack=1 Win=32120 Len=0,normal
548,13.925351559,27.123.42.204,10.0.2.15,TLSv1.3,1466,Application Data,normal
549,13.929225665,27.123.42.204,10.0.2.15,TLSv1.3,2878,"Application Data, Application Data, Application Data",normal
550,13.929262184,10.0.2.15,27.123.42.204,TCP,54,41726  >  443 [ACK] Seq=2830 Ack=382375 Win=65535 Len=0,normal
551,13.938517953,27.123.42.204,10.0.2.15,TLSv1.3,41002,"Application Data, Application Data, Application Data, Application Data, Application Data, Application Data, Application Data, Application Data, Application Data, Application Data, Application Data, Application Data, Application Data, Application Data, Application Data, Application Data, Application Data, Application Data, Application Data, Application Data, Application Data, Application Data, Application Data, Application Data, Application Data, Application Data, Application Data, Application Data, Application Data, Application Data",normal
552,13.938564805,10.0.2.15,27.123.42.204,TCP,54,41726  >  443 [ACK] Seq=2830 Ack=423323 Win=65535 Len=0,normal
553,13.939550156,10.0.2.15,106.10.218.155,TLSv1.3,571,Client Hello (SNI=noa.yahoo.com),normal
554,13.941152928,106.10.218.155,10.0.2.15,TCP,60,443  >  36838 [ACK] Seq=1 Ack=518 Win=65535 Len=0,normal
555,13.96145968,10.0.2.15,106.10.218.155,TLSv1.3,571,Client Hello (SNI=noa.yahoo.com),normal
556,13.962301125,106.10.218.155,10.0.2.15,TCP,60,443  >  36848 [ACK] Seq=1 Ack=518 Win=65535 Len=0,normal
557,13.968326395,27.123.42.204,10.0.2.15,TLSv1.3,7114,"Application Data, Application Data, Application Data, Application Data, Application Data, Application Data",normal
558,13.968364031,10.0.2.15,27.123.42.204,TCP,54,41726  >  443 [ACK] Seq=2830 Ack=430383 Win=65535 Len=0,normal
559,13.969489878,27.123.42.204,10.0.2.15,TLSv1.3,1466,Application Data,normal
560,13.976998699,27.123.42.204,10.0.2.15,TLSv1.3,8526,"Application Data, Application Data, Application Data, Application Data, Application Data, Application Data",normal
561,13.977045153,10.0.2.15,27.123.42.204,TCP,54,41726  >  443 [ACK] Seq=2830 Ack=440267 Win=65535 Len=0,normal
562,13.97839609,27.123.42.204,10.0.2.15,TLSv1.3,1466,Application Data,normal
563,13.979990577,27.123.42.204,10.0.2.15,TLSv1.3,7114,"Application Data, Application Data, Application Data, Application Data, Application Data, Application Data",normal
564,13.980036999,10.0.2.15,27.123.42.204,TCP,54,41726  >  443 [ACK] Seq=2830 Ack=448739 Win=65535 Len=0,normal
565,13.989330197,27.123.42.204,10.0.2.15,TLSv1.3,12762,"Application Data, Application Data, Application Data, Application Data, Application Data, Application Data, Application Data, Application Data, Application Data",normal
566,13.989398464,10.0.2.15,27.123.42.204,TCP,54,41726  >  443 [ACK] Seq=2830 Ack=461447 Win=65535 Len=0,normal
567,13.994990256,27.123.42.204,10.0.2.15,TLSv1.3,18514,"Application Data, Application Data, Application Data, Application Data, Application Data, Application Data, Application Data, Application Data, Application Data, Application Data, Application Data, Application Data, Application Data, Application Data",normal
568,13.995048012,10.0.2.15,27.123.42.204,TCP,54,41726  >  443 [ACK] Seq=2830 Ack=479907 Win=65535 Len=0,normal
569,13.995580802,27.123.42.204,10.0.2.15,TLSv1.3,4186,"Application Data, Application Data, Application Data",normal
570,13.995595691,10.0.2.15,27.123.42.204,TCP,54,41726  >  443 [ACK] Seq=2830 Ack=484039 Win=65535 Len=0,normal
571,14.014185402,10.0.2.15,104.18.23.145,TLSv1.3,118,"Change Cipher Spec, Application Data",normal
572,14.014873831,10.0.2.15,104.18.23.145,TLSv1.3,224,Application Data,normal
573,14.014986959,104.18.23.145,10.0.2.15,TCP,60,443  >  56812 [ACK] Seq=4065 Ack=582 Win=65535 Len=0,normal
574,14.015060892,10.0.2.15,104.18.23.145,TLSv1.3,344,Application Data,normal
575,14.016025939,104.18.23.145,10.0.2.15,TCP,60,443  >  56812 [ACK] Seq=4065 Ack=752 Win=65535 Len=0,normal
576,14.016026257,104.18.23.145,10.0.2.15,TCP,60,443  >  56812 [ACK] Seq=4065 Ack=1042 Win=65535 Len=0,normal
577,14.017923367,27.123.42.204,10.0.2.15,TLSv1.3,14254,"Application Data, Application Data, Application Data, Application Data, Application Data, Application Data, Application Data, Application Data, Application Data, Application Data, Application Data",normal
578,14.017950768,10.0.2.15,27.123.42.204,TCP,54,41726  >  443 [ACK] Seq=2830 Ack=498239 Win=65535 Len=0,normal
579,14.018976583,27.123.42.204,10.0.2.15,TLSv1.3,1386,Application Data,normal
580,14.020281994,27.123.42.204,10.0.2.15,TLSv1.3,14174,"Application Data, Application Data, Application Data, Application Data, Application Data, Application Data, Application Data, Application Data, Application Data, Application Data, Application Data",normal
581,14.02031699,10.0.2.15,27.123.42.204,TCP,54,41726  >  443 [ACK] Seq=2830 Ack=513691 Win=65535 Len=0,normal
582,14.022775964,27.123.42.204,10.0.2.15,TLSv1.3,1466,Application Data,normal
583,14.022776229,106.10.218.155,10.0.2.15,TLSv1.3,2894,"Server Hello, Change Cipher Spec, Application Data",normal
584,14.022824999,10.0.2.15,106.10.218.155,TCP,54,36838  >  443 [ACK] Seq=518 Ack=2841 Win=31240 Len=0,normal
585,14.023269673,106.10.218.155,10.0.2.15,TLSv1.3,1374,"Application Data, Application Data, Application Data",normal
586,14.023429569,10.0.2.15,106.10.218.155,TCP,54,36838  >  443 [ACK] Seq=518 Ack=4161 Win=31240 Len=0,normal
587,14.030498393,27.123.42.204,10.0.2.15,TLSv1.3,2978,"Application Data, Application Data, Application Data, Application Data",normal
588,14.030498689,106.10.218.155,10.0.2.15,TLSv1.3,2894,"Server Hello, Change Cipher Spec, Application Data",normal
589,14.030536251,10.0.2.15,27.123.42.204,TCP,54,41726  >  443 [ACK] Seq=2830 Ack=518027 Win=65535 Len=0,normal
590,14.030592737,10.0.2.15,106.10.218.155,TCP,54,36848  >  443 [ACK] Seq=518 Ack=2841 Win=31240 Len=0,normal
591,14.034727531,106.10.218.155,10.0.2.15,TLSv1.3,1373,"Application Data, Application Data, Application Data",normal
592,14.03475791,10.0.2.15,106.10.218.155,TCP,54,36848  >  443 [ACK] Seq=518 Ack=4160 Win=31240 Len=0,normal
593,14.04888069,104.18.23.145,10.0.2.15,TLSv1.3,575,"Application Data, Application Data",normal
594,14.048909989,10.0.2.15,104.18.23.145,TCP,54,56812  >  443 [ACK] Seq=1042 Ack=4586 Win=31240 Len=0,normal
595,14.077889624,104.18.23.145,10.0.2.15,TLSv1.3,292,Application Data,normal
596,14.077927963,10.0.2.15,104.18.23.145,TCP,54,56812  >  443 [ACK] Seq=1042 Ack=4824 Win=31240 Len=0,normal
597,14.080599883,104.18.23.145,10.0.2.15,TLSv1.3,1445,Application Data,normal
598,14.08062212,10.0.2.15,104.18.23.145,TCP,54,56812  >  443 [ACK] Seq=1042 Ack=6215 Win=31240 Len=0,normal
599,14.0851052,104.18.23.145,10.0.2.15,TLSv1.3,9994,"Application Data, Application Data, Application Data, Application Data, Application Data, Application Data, Application Data",normal
600,14.085144211,10.0.2.15,104.18.23.145,TCP,54,56812  >  443 [ACK] Seq=1042 Ack=16155 Win=31240 Len=0,normal
601,14.089399754,104.18.23.145,10.0.2.15,TLSv1.3,11414,"Application Data, Application Data, Application Data, Application Data, Application Data, Application Data, Application Data, Application Data",normal
602,14.089433089,10.0.2.15,104.18.23.145,TCP,54,56812  >  443 [ACK] Seq=1042 Ack=27515 Win=31240 Len=0,normal
603,14.091325088,104.18.23.145,10.0.2.15,TLSv1.3,10922,"Application Data, Application Data, Application Data, Application Data, Application Data, Application Data, Application Data, Application Data, Application Data",normal
604,14.091361278,10.0.2.15,104.18.23.145,TCP,54,56812  >  443 [ACK] Seq=1042 Ack=38383 Win=31240 Len=0,normal
605,14.092724408,104.18.23.145,10.0.2.15,TLSv1.3,9791,"Application Data, Application Data, Application Data, Application Data, Application Data, Application Data, Application Data",normal
606,14.092751665,10.0.2.15,104.18.23.145,TCP,54,56812  >  443 [ACK] Seq=1042 Ack=48120 Win=31240 Len=0,normal
607,14.103184801,104.18.23.145,10.0.2.15,TLSv1.3,6755,"Application Data, Application Data, Application Data, Application Data, Application Data, Application Data",normal
608,14.103212076,10.0.2.15,104.18.23.145,TCP,54,56812  >  443 [ACK] Seq=1042 Ack=54821 Win=31240 Len=0,normal
609,14.142126778,10.0.2.15,104.18.23.145,TLSv1.3,85,Application Data,normal
610,14.142824934,104.18.23.145,10.0.2.15,TCP,60,443  >  56812 [ACK] Seq=54821 Ack=1073 Win=65535 Len=0,normal
611,14.171897031,10.0.2.15,192.168.1.1,DNS,90,Standard query 0xaccc A securepubads.g.doubleclick.net,normal
612,14.172041401,10.0.2.15,192.168.1.1,DNS,90,Standard query 0xb6d0 AAAA securepubads.g.doubleclick.net,normal
613,14.186598,192.168.1.1,10.0.2.15,DNS,106,Standard query response 0xaccc A securepubads.g.doubleclick.net A 142.250.195.66,normal
614,14.187734139,192.168.1.1,10.0.2.15,DNS,118,Standard query response 0xb6d0 AAAA securepubads.g.doubleclick.net AAAA 2404:6800:4007:82c::2002,normal
615,14.196628062,10.0.2.15,106.10.218.155,TLSv1.3,118,"Change Cipher Spec, Application Data",normal
616,14.197320558,10.0.2.15,106.10.218.155,TLSv1.3,118,"Change Cipher Spec, Application Data",normal
617,14.197437516,106.10.218.155,10.0.2.15,TCP,60,443  >  36838 [ACK] Seq=4161 Ack=582 Win=65535 Len=0,normal
618,14.199002065,106.10.218.155,10.0.2.15,TCP,60,443  >  36848 [ACK] Seq=4160 Ack=582 Win=65535 Len=0,normal
619,14.206430803,10.0.2.15,142.250.195.66,TCP,74,41112  >  443 [SYN] Seq=0 Win=32120 Len=0 MSS=1460 SACK_PERM TSval=4006536952 TSecr=0 WS=128,normal
620,14.20683387,10.0.2.15,106.10.218.155,TLSv1.3,224,Application Data,normal
621,14.20694857,10.0.2.15,106.10.218.155,TLSv1.3,564,Application Data,normal
622,14.20799289,106.10.218.155,10.0.2.15,TCP,60,443  >  36838 [ACK] Seq=4161 Ack=752 Win=65535 Len=0,normal
623,14.207993253,106.10.218.155,10.0.2.15,TCP,60,443  >  36838 [ACK] Seq=4161 Ack=1262 Win=65535 Len=0,normal
624,14.208197293,10.0.2.15,106.10.218.155,TLSv1.3,241,Application Data,normal
625,14.208851943,106.10.218.155,10.0.2.15,TCP,60,443  >  36848 [ACK] Seq=4160 Ack=769 Win=65535 Len=0,normal
626,14.224910093,10.0.2.15,106.10.218.155,TLSv1.3,85,Application Data,normal
627,14.225939004,106.10.218.155,10.0.2.15,TCP,60,443  >  36838 [ACK] Seq=4161 Ack=1293 Win=65535 Len=0,normal
628,14.228332209,10.0.2.15,106.10.218.155,TLSv1.3,354,Application Data,normal
629,14.228653686,10.0.2.15,106.10.218.155,TLSv1.3,85,Application Data,normal
630,14.229255152,106.10.218.155,10.0.2.15,TCP,60,443  >  36838 [ACK] Seq=4161 Ack=1593 Win=65535 Len=0,normal
631,14.229255496,106.10.218.155,10.0.2.15,TCP,60,443  >  36838 [ACK] Seq=4161 Ack=1624 Win=65535 Len=0,normal
632,14.231745976,142.250.195.66,10.0.2.15,TCP,60,"443  >  41112 [SYN, ACK] Seq=0 Ack=1 Win=65535 Len=0 MSS=1460",normal
633,14.231814923,10.0.2.15,142.250.195.66,TCP,54,41112  >  443 [ACK] Seq=1 Ack=1 Win=32120 Len=0,normal
634,14.236737093,10.0.2.15,142.250.195.66,TLSv1.3,571,Client Hello (SNI=securepubads.g.doubleclick.net),normal
635,14.237534937,142.250.195.66,10.0.2.15,TCP,60,443  >  41112 [ACK] Seq=1 Ack=518 Win=65535 Len=0,normal
636,14.251328792,106.10.218.155,10.0.2.15,TLSv1.3,341,Application Data,normal
637,14.25137221,10.0.2.15,106.10.218.155,TCP,54,36838  >  443 [ACK] Seq=1624 Ack=4448 Win=31240 Len=0,normal
638,14.252733926,106.10.218.155,10.0.2.15,TLSv1.3,384,"Application Data, Application Data",normal
639,14.252766648,10.0.2.15,106.10.218.155,TCP,54,36838  >  443 [ACK] Seq=1624 Ack=4778 Win=31240 Len=0,normal
640,14.255718667,10.0.2.15,106.10.218.155,TLSv1.3,85,Application Data,normal
641,14.255887545,106.10.218.155,10.0.2.15,TLSv1.3,671,"Application Data, Application Data, Application Data",normal
642,14.255905484,10.0.2.15,106.10.218.155,TCP,54,36848  >  443 [ACK] Seq=769 Ack=4777 Win=31240 Len=0,normal
643,14.25619659,106.10.218.155,10.0.2.15,TCP,60,443  >  36838 [ACK] Seq=4778 Ack=1655 Win=65535 Len=0,normal
644,14.26219307,106.10.218.155,10.0.2.15,TLSv1.3,85,Application Data,normal
645,14.266594437,106.10.218.155,10.0.2.15,TLSv1.3,442,Application Data,normal
646,14.269130588,106.10.218.155,10.0.2.15,TLSv1.3,78,Application Data,normal
647,14.26913094,106.10.218.155,10.0.2.15,TCP,60,"443  >  36848 [FIN, ACK] Seq=4801 Ack=769 Win=65535 Len=0",normal
648,14.269152247,10.0.2.15,106.10.218.155,TCP,54,36848  >  443 [ACK] Seq=769 Ack=4801 Win=31240 Len=0,normal
649,14.284339638,106.10.218.155,10.0.2.15,TLSv1.3,89,Application Data,normal
650,14.286470607,106.10.218.155,10.0.2.15,TLSv1.3,172,Application Data,normal
651,14.293305932,142.250.195.66,10.0.2.15,TLSv1.3,1466,"Server Hello, Change Cipher Spec",normal
652,14.293334339,10.0.2.15,142.250.195.66,TCP,54,41112  >  443 [ACK] Seq=518 Ack=1413 Win=31064 Len=0,normal
653,14.296137582,142.250.195.66,10.0.2.15,TLSv1.3,2989,Application Data,normal
654,14.29617319,10.0.2.15,142.250.195.66,TCP,54,41112  >  443 [ACK] Seq=518 Ack=4348 Win=31064 Len=0,normal
655,14.306163447,10.0.2.15,106.10.218.155,TCP,54,36838  >  443 [ACK] Seq=1655 Ack=5350 Win=31240 Len=0,normal
656,14.31001609,10.0.2.15,106.10.218.155,TCP,54,36848  >  443 [ACK] Seq=769 Ack=4802 Win=31240 Len=0,normal
657,14.390541197,10.0.2.15,106.10.218.155,TLSv1.3,78,Application Data,normal
658,14.391551907,106.10.218.155,10.0.2.15,TCP,60,443  >  36848 [ACK] Seq=4802 Ack=793 Win=65535 Len=0,normal
659,14.452292209,106.10.218.155,10.0.2.15,TCP,60,"443  >  36848 [RST, ACK] Seq=4802 Ack=793 Win=65535 Len=0",normal
660,14.491405635,10.0.2.15,142.250.195.66,TLSv1.3,118,"Change Cipher Spec, Application Data",normal
661,14.492228114,142.250.195.66,10.0.2.15,TCP,60,443  >  41112 [ACK] Seq=4348 Ack=582 Win=65535 Len=0,normal
662,14.494569969,10.0.2.15,142.250.195.66,TLSv1.3,224,Application Data,normal
663,14.494753201,10.0.2.15,142.250.195.66,TLSv1.3,346,Application Data,normal
664,14.495360561,142.250.195.66,10.0.2.15,TCP,60,443  >  41112 [ACK] Seq=4348 Ack=752 Win=65535 Len=0,normal
665,14.496416084,142.250.195.66,10.0.2.15,TCP,60,443  >  41112 [ACK] Seq=4348 Ack=1044 Win=65535 Len=0,normal
666,14.519644668,142.250.195.66,10.0.2.15,TLSv1.3,668,"Application Data, Application Data",normal
667,14.519670548,10.0.2.15,142.250.195.66,TCP,54,41112  >  443 [ACK] Seq=1044 Ack=4962 Win=31064 Len=0,normal
668,14.530281982,142.250.195.66,10.0.2.15,TLSv1.3,85,Application Data,normal
669,14.530305824,10.0.2.15,142.250.195.66,TCP,54,41112  >  443 [ACK] Seq=1044 Ack=4993 Win=31064 Len=0,normal
670,14.551774964,10.0.2.15,142.250.195.66,TLSv1.3,85,Application Data,normal
671,14.553146874,142.250.195.66,10.0.2.15,TCP,60,443  >  41112 [ACK] Seq=4993 Ack=1075 Win=65535 Len=0,normal
672,14.571713751,142.250.195.66,10.0.2.15,TLSv1.3,3387,"Application Data, Application Data, Application Data",normal
673,14.571714013,142.250.195.66,10.0.2.15,TLSv1.3,2878,"Application Data, Application Data",normal
674,14.571714082,142.250.195.66,10.0.2.15,TLSv1.3,1474,Application Data,normal
675,14.571752033,10.0.2.15,142.250.195.66,TCP,54,41112  >  443 [ACK] Seq=1075 Ack=8326 Win=31064 Len=0,normal
676,14.57432011,10.0.2.15,142.250.195.66,TCP,54,41112  >  443 [ACK] Seq=1075 Ack=11150 Win=31064 Len=0,normal
677,14.576579377,142.250.195.66,10.0.2.15,TLSv1.3,8387,"Application Data, Application Data, Application Data, Application Data, Application Data, Application Data",normal
678,14.57657968,142.250.195.66,10.0.2.15,TLSv1.3,1474,Application Data,normal
679,14.576620668,10.0.2.15,142.250.195.66,TCP,54,41112  >  443 [ACK] Seq=1075 Ack=20903 Win=31064 Len=0,normal
680,14.578325706,142.250.195.66,10.0.2.15,TLSv1.3,9930,"Application Data, Application Data, Application Data, Application Data, Application Data, Application Data, Application Data",normal
681,14.578364738,10.0.2.15,142.250.195.66,TCP,54,41112  >  443 [ACK] Seq=1075 Ack=32199 Win=31064 Len=0,normal
682,14.579043227,142.250.195.66,10.0.2.15,TLSv1.3,1474,Application Data,normal
683,14.580028993,142.250.195.66,10.0.2.15,TLSv1.3,1458,Application Data,normal
684,14.580046687,10.0.2.15,142.250.195.66,TCP,54,41112  >  443 [ACK] Seq=1075 Ack=35023 Win=31064 Len=0,normal
685,14.597836343,142.250.195.66,10.0.2.15,TLSv1.3,1466,Application Data,normal
686,14.600169445,142.250.195.66,10.0.2.15,TLSv1.3,1311,"Application Data, Application Data, Application Data, Application Data",normal
687,14.60023391,10.0.2.15,142.250.195.66,TCP,54,41112  >  443 [ACK] Seq=1075 Ack=37692 Win=31064 Len=0,normal
688,14.614358075,10.0.2.15,142.250.195.66,TLSv1.3,93,Application Data,normal
689,14.615355835,142.250.195.66,10.0.2.15,TCP,60,443  >  41112 [ACK] Seq=37692 Ack=1114 Win=65535 Len=0,normal
690,14.625000205,10.0.2.15,142.250.195.66,TLSv1.3,93,Application Data,normal
691,14.625264695,10.0.2.15,142.250.195.66,QUIC,1399,"0-RTT, DCID=038d2e47bc71988b438ecc4f7c2b, SCID=dada1d",normal
692,14.625887481,142.250.195.66,10.0.2.15,TCP,60,443  >  41096 [ACK] Seq=4991 Ack=822 Win=65535 Len=0,normal
693,14.644620554,10.0.2.15,142.250.195.66,TLSv1.3,78,Application Data,normal
694,14.644742833,10.0.2.15,142.250.195.66,TCP,54,"41096  >  443 [FIN, ACK] Seq=846 Ack=4991 Win=31064 Len=0",normal
695,14.645450831,142.250.195.66,10.0.2.15,TCP,60,443  >  41096 [ACK] Seq=4991 Ack=846 Win=65535 Len=0,normal
696,14.645451059,142.250.195.66,10.0.2.15,TCP,60,443  >  41096 [ACK] Seq=4991 Ack=847 Win=65535 Len=0,normal
697,14.670204386,142.250.195.66,10.0.2.15,TCP,60,"443  >  41096 [FIN, ACK] Seq=4991 Ack=847 Win=65535 Len=0",normal
698,14.670232687,10.0.2.15,142.250.195.66,TCP,54,41096  >  443 [ACK] Seq=847 Ack=4992 Win=31064 Len=0,normal
699,14.678604939,142.250.195.66,10.0.2.15,QUIC,1399,"Initial, DCID=dada1d, SCID=e38d2e47bc71988b, PKN: 1, ACK, PADDING",normal
700,14.6873547,142.250.195.66,10.0.2.15,QUIC,1399,"Handshake, DCID=dada1d, SCID=e38d2e47bc71988b",normal
701,14.688712602,142.250.195.66,10.0.2.15,QUIC,657,"Protected Payload (KP0), DCID=dada1d",normal
702,14.690050013,142.250.195.66,10.0.2.15,QUIC,69,"Protected Payload (KP0), DCID=dada1d",normal
703,14.696275362,10.0.2.15,142.250.195.66,QUIC,155,"Protected Payload (KP0), DCID=e38d2e47bc71988b",normal
704,14.725931551,142.250.195.66,10.0.2.15,QUIC,165,"Protected Payload (KP0), DCID=dada1d",normal
705,14.748288295,10.0.2.15,142.250.195.66,QUIC,74,"Protected Payload (KP0), DCID=e38d2e47bc71988b",normal
706,14.855250204,10.0.2.15,207.65.33.79,TLSv1.2,93,Application Data,normal
707,14.856102469,207.65.33.79,10.0.2.15,TCP,60,443  >  43832 [ACK] Seq=1 Ack=40 Win=65535 Len=0,normal
708,14.868146787,10.0.2.15,207.65.33.79,TLSv1.2,78,Application Data,normal
709,14.86874363,10.0.2.15,207.65.33.79,TCP,54,"43832  >  443 [FIN, ACK] Seq=64 Ack=1 Win=31240 Len=0",normal
710,14.869304971,207.65.33.79,10.0.2.15,TCP,60,443  >  43832 [ACK] Seq=1 Ack=64 Win=65535 Len=0,normal
711,14.869305336,207.65.33.79,10.0.2.15,TCP,60,443  >  43832 [ACK] Seq=1 Ack=65 Win=65535 Len=0,normal
712,14.933740605,207.65.33.79,10.0.2.15,TLSv1.2,93,Application Data,normal
713,14.933741041,207.65.33.79,10.0.2.15,TCP,60,"443  >  43832 [FIN, ACK] Seq=40 Ack=65 Win=65535 Len=0",normal
714,14.933767692,10.0.2.15,207.65.33.79,TCP,54,43832  >  443 [RST] Seq=65 Win=0 Len=0,normal
715,14.933820642,10.0.2.15,207.65.33.79,TCP,54,43832  >  443 [RST] Seq=65 Win=0 Len=0,normal
716,14.934082603,207.65.33.79,10.0.2.15,TCP,60,"443  >  43832 [RST, ACK] Seq=3918129865 Ack=65 Win=0 Len=0",normal
717,14.961827431,10.0.2.15,192.168.1.1,DNS,70,Standard query 0x1873 A i.clean.gg,normal
718,14.962022129,10.0.2.15,192.168.1.1,DNS,70,Standard query 0x1b7d AAAA i.clean.gg,normal
719,14.972505115,192.168.1.1,10.0.2.15,DNS,226,Standard query response 0x1873 A i.clean.gg A 34.95.69.49 NS ns-1309.awsdns-35.org NS ns-146.awsdns-18.com NS ns-1787.awsdns-31.co.uk NS ns-887.awsdns-46.net,normal
720,14.98482052,192.168.1.1,10.0.2.15,DNS,157,Standard query response 0x1b7d AAAA i.clean.gg SOA ns-1787.awsdns-31.co.uk,normal
721,14.998855395,10.0.2.15,192.168.1.1,DNS,70,Standard query 0x78b1 A i.clean.gg,normal
722,14.999286068,10.0.2.15,192.168.1.1,DNS,70,Standard query 0xfdb9 AAAA i.clean.gg,normal
723,15.001892191,10.0.2.15,34.95.69.49,TCP,74,59260  >  443 [SYN] Seq=0 Win=32120 Len=0 MSS=1460 SACK_PERM TSval=4124965979 TSecr=0 WS=128,normal
724,15.008945285,192.168.1.1,10.0.2.15,DNS,226,Standard query response 0x78b1 A i.clean.gg A 34.95.69.49 NS ns-1309.awsdns-35.org NS ns-146.awsdns-18.com NS ns-1787.awsdns-31.co.uk NS ns-887.awsdns-46.net,normal
725,15.020418995,192.168.1.1,10.0.2.15,DNS,157,Standard query response 0xfdb9 AAAA i.clean.gg SOA ns-1787.awsdns-31.co.uk,normal
726,15.026339177,10.0.2.15,34.95.69.49,TCP,74,59268  >  443 [SYN] Seq=0 Win=32120 Len=0 MSS=1460 SACK_PERM TSval=4124966003 TSecr=0 WS=128,normal
727,15.031498636,34.95.69.49,10.0.2.15,TCP,60,"443  >  59260 [SYN, ACK] Seq=0 Ack=1 Win=65535 Len=0 MSS=1460",normal
728,15.031555283,10.0.2.15,34.95.69.49,TCP,54,59260  >  443 [ACK] Seq=1 Ack=1 Win=32120 Len=0,normal
729,15.05562622,34.95.69.49,10.0.2.15,TCP,60,"443  >  59268 [SYN, ACK] Seq=0 Ack=1 Win=65535 Len=0 MSS=1460",normal
730,15.055660053,10.0.2.15,34.95.69.49,TCP,54,59268  >  443 [ACK] Seq=1 Ack=1 Win=32120 Len=0,normal
731,15.056222293,10.0.2.15,34.95.69.49,TLSv1.3,571,Client Hello (SNI=i.clean.gg),normal
732,15.057779699,34.95.69.49,10.0.2.15,TCP,60,443  >  59260 [ACK] Seq=1 Ack=518 Win=65535 Len=0,normal
733,15.088451066,10.0.2.15,34.95.69.49,TLSv1.3,571,Client Hello (SNI=i.clean.gg),normal
734,15.08941179,34.95.69.49,10.0.2.15,TCP,60,443  >  59268 [ACK] Seq=1 Ack=518 Win=65535 Len=0,normal
735,15.091386432,34.95.69.49,10.0.2.15,TLSv1.3,2894,"Server Hello, Change Cipher Spec",normal
736,15.091427415,10.0.2.15,34.95.69.49,TCP,54,59260  >  443 [ACK] Seq=518 Ack=2841 Win=31240 Len=0,normal
737,15.091823637,34.95.69.49,10.0.2.15,TLSv1.3,1884,Application Data,normal
738,15.091836983,10.0.2.15,34.95.69.49,TCP,54,59260  >  443 [ACK] Seq=518 Ack=4671 Win=31240 Len=0,normal
739,15.122717585,34.95.69.49,10.0.2.15,TLSv1.3,2894,"Server Hello, Change Cipher Spec",normal
740,15.122751918,10.0.2.15,34.95.69.49,TCP,54,59268  >  443 [ACK] Seq=518 Ack=2841 Win=31240 Len=0,normal
741,15.123017484,34.95.69.49,10.0.2.15,TLSv1.3,1884,Application Data,normal
742,15.123030813,10.0.2.15,34.95.69.49,TCP,54,59268  >  443 [ACK] Seq=518 Ack=4671 Win=31240 Len=0,normal
743,15.256754524,10.0.2.15,34.95.69.49,TLSv1.3,118,"Change Cipher Spec, Application Data",normal
744,15.25764076,34.95.69.49,10.0.2.15,TCP,60,443  >  59260 [ACK] Seq=4671 Ack=582 Win=65535 Len=0,normal
745,15.261478166,10.0.2.15,34.95.69.49,TLSv1.3,224,Application Data,normal
746,15.262369102,34.95.69.49,10.0.2.15,TCP,60,443  >  59260 [ACK] Seq=4671 Ack=752 Win=65535 Len=0,normal
747,15.266141177,10.0.2.15,34.95.69.49,TLSv1.3,416,Application Data,normal
748,15.267224989,34.95.69.49,10.0.2.15,TCP,60,443  >  59260 [ACK] Seq=4671 Ack=1114 Win=65535 Len=0,normal
749,15.278115432,10.0.2.15,34.95.69.49,TLSv1.3,118,"Change Cipher Spec, Application Data",normal
750,15.278833365,34.95.69.49,10.0.2.15,TCP,60,443  >  59268 [ACK] Seq=4671 Ack=582 Win=65535 Len=0,normal
751,15.285204798,34.95.69.49,10.0.2.15,TLSv1.3,640,"Application Data, Application Data",normal
752,15.2852271,10.0.2.15,34.95.69.49,TCP,54,59260  >  443 [ACK] Seq=1114 Ack=5257 Win=31240 Len=0,normal
753,15.289877646,34.95.69.49,10.0.2.15,TLSv1.3,85,Application Data,normal
754,15.289906445,10.0.2.15,34.95.69.49,TCP,54,59260  >  443 [ACK] Seq=1114 Ack=5288 Win=31240 Len=0,normal
755,15.305739705,34.95.69.49,10.0.2.15,TLSv1.3,640,"Application Data, Application Data",normal
756,15.305762884,10.0.2.15,34.95.69.49,TCP,54,59268  >  443 [ACK] Seq=582 Ack=5257 Win=31240 Len=0,normal
757,15.310348593,10.0.2.15,34.95.69.49,TLSv1.3,85,Application Data,normal
758,15.311044415,34.95.69.49,10.0.2.15,TCP,60,443  >  59260 [ACK] Seq=5288 Ack=1145 Win=65535 Len=0,normal
759,15.343047674,10.0.2.15,34.95.69.49,TLSv1.3,241,Application Data,normal
760,15.343847711,34.95.69.49,10.0.2.15,TCP,60,443  >  59268 [ACK] Seq=5257 Ack=769 Win=65535 Len=0,normal
761,15.354773268,10.0.2.15,34.95.69.49,TLSv1.3,78,Application Data,normal
762,15.354947973,10.0.2.15,34.95.69.49,TCP,54,"59268  >  443 [FIN, ACK] Seq=793 Ack=5257 Win=31240 Len=0",normal
763,15.355662646,34.95.69.49,10.0.2.15,TCP,60,443  >  59268 [ACK] Seq=5257 Ack=793 Win=65535 Len=0,normal
764,15.355663206,34.95.69.49,10.0.2.15,TCP,60,443  >  59268 [ACK] Seq=5257 Ack=794 Win=65535 Len=0,normal
765,15.369980619,34.95.69.49,10.0.2.15,TLSv1.3,85,Application Data,normal
766,15.370011911,10.0.2.15,34.95.69.49,TCP,54,59268  >  443 [RST] Seq=794 Win=0 Len=0,normal
767,15.556235995,34.95.69.49,10.0.2.15,TLSv1.3,387,Application Data,normal
768,15.573477443,10.0.2.15,34.95.69.49,TLSv1.3,93,Application Data,normal
769,15.574361597,34.95.69.49,10.0.2.15,TCP,60,443  >  59260 [ACK] Seq=5621 Ack=1184 Win=65535 Len=0,normal
770,15.575767326,10.0.2.15,34.95.69.49,TLSv1.3,141,Application Data,normal
771,15.575958383,10.0.2.15,34.95.69.49,TLSv1.3,575,Application Data,normal
772,15.577213538,34.95.69.49,10.0.2.15,TCP,60,443  >  59260 [ACK] Seq=5621 Ack=1271 Win=65535 Len=0,normal
773,15.577213894,34.95.69.49,10.0.2.15,TCP,60,443  >  59260 [ACK] Seq=5621 Ack=1792 Win=65535 Len=0,normal
774,15.649406675,10.0.2.15,34.95.69.49,QUIC,1399,"Initial, DCID=a17ac2e8b6799d4d, SCID=d5008c, PKN: 0, CRYPTO",normal
775,15.700666485,34.95.69.49,10.0.2.15,QUIC,1399,"Initial, DCID=d5008c, SCID=e17ac2e8b6799d4d, PKN: 1, ACK, PADDING",normal
776,15.70797093,34.95.69.49,10.0.2.15,QUIC,1399,"Handshake, DCID=d5008c, SCID=e17ac2e8b6799d4d",normal
777,15.762637183,10.0.2.15,34.95.69.49,QUIC,197,"Protected Payload (KP0), DCID=e17ac2e8b6799d4d",normal
778,15.787089683,34.95.69.49,10.0.2.15,QUIC,547,"Protected Payload (KP0), DCID=d5008c",normal
779,15.788619135,34.95.69.49,10.0.2.15,QUIC,165,"Protected Payload (KP0), DCID=d5008c",normal
780,15.792571117,10.0.2.15,34.95.69.49,QUIC,73,"Protected Payload (KP0), DCID=e17ac2e8b6799d4d",normal
781,15.811929823,34.95.69.49,10.0.2.15,QUIC,69,"Protected Payload (KP0), DCID=d5008c",normal
782,15.862256932,10.0.2.15,27.123.42.204,TLSv1.3,157,Application Data,normal
783,15.863004473,27.123.42.204,10.0.2.15,TCP,60,443  >  41726 [ACK] Seq=518027 Ack=2933 Win=65535 Len=0,normal
784,15.87903238,34.95.69.49,10.0.2.15,TLSv1.3,197,Application Data,normal
785,15.886097158,10.0.2.15,34.95.69.49,TLSv1.3,93,Application Data,normal
786,15.887032196,34.95.69.49,10.0.2.15,TCP,60,443  >  59260 [ACK] Seq=5764 Ack=1831 Win=65535 Len=0,normal
787,15.901496497,27.123.42.204,10.0.2.15,TLSv1.3,6754,"Application Data, Application Data, Application Data, Application Data, Application Data",normal
788,15.901547657,10.0.2.15,27.123.42.204,TCP,54,41726  >  443 [ACK] Seq=2933 Ack=524727 Win=65535 Len=0,normal
789,15.904167437,27.123.42.204,10.0.2.15,TLSv1.3,4453,"Application Data, Application Data, Application Data, Application Data",normal
790,15.904196929,10.0.2.15,27.123.42.204,TCP,54,41726  >  443 [ACK] Seq=2933 Ack=529126 Win=65535 Len=0,normal
